GAME_ID,EVENTNUM,EVENTMSGTYPE,EVENTMSGACTIONTYPE,PERIOD,WCTIMESTRING,PCTIMESTRING,HOMEDESCRIPTION,NEUTRALDESCRIPTION,VISITORDESCRIPTION,SCORE,SCOREMARGIN,PERSON1TYPE,PLAYER1_ID,PLAYER1_NAME,PLAYER1_TEAM_ID,PLAYER1_TEAM_CITY,PLAYER1_TEAM_NICKNAME,PLAYER1_TEAM_ABBREVIATION,PERSON2TYPE,PLAYER2_ID,PLAYER2_NAME,PLAYER2_TEAM_ID,PLAYER2_TEAM_CITY,PLAYER2_TEAM_NICKNAME,PLAYER2_TEAM_ABBREVIATION,PERSON3TYPE,PLAYER3_ID,PLAYER3_NAME,PLAYER3_TEAM_ID,PLAYER3_TEAM_CITY,PLAYER3_TEAM_NICKNAME,PLAYER3_TEAM_ABBREVIATION
0021500250,0,12,0,1,6:12 PM,12:00,,,,,,0,0,,,,,,0,0,,,,,,0,0,,,,,
0021500250,1,10,0,1,6:12 PM,12:00,Jump Ball Biyombo vs. Len: Tip to Lowry,,,,,4,202687,Bismack Biyombo,1610612761.0,Toronto,Raptors,TOR,5,203458,Alex Len,1610612756.0,Phoenix,Suns,PHX,4,200768,Kyle Lowry,1610612761.0,Toronto,Raptors,TOR
0021500250,3,2,86,1,6:12 PM,11:37,MISS DeRozan 15' Turnaround Fadeaway Shot,,,,,4,201942,DeMar DeRozan,1610612761.0,Toronto,Raptors,TOR,0,0,,,,,,0,0,,,,,
0021500250,4,4,0,1,6:12 PM,11:36,,,Knight REBOUND (Off:0 Def:1),,,5,202688,Brandon Knight,1610612756.0,Phoenix,Suns,PHX,0,0,,,,,,0,0,,,,,
0021500250,5,2,101,1,6:13 PM,11:20,,,MISS Tucker 9' Driving Floating Jump Shot,,,5,200782,PJ Tucker,1610612756.0,Phoenix,Suns,PHX,0,0,,,,,,0,0,,,,,
0021500250,6,4,0,1,6:13 PM,11:18,Carroll REBOUND (Off:0 Def:1),,,,,4,201960,DeMarre Carroll,1610612761.0,Toronto,Raptors,TOR,0,0,,,,,,0,0,,,,,
0021500250,7,6,2,1,6:13 PM,11:06,,,Tucker S.FOUL (P1.T1) (D.Stafford),,,5,200782,PJ Tucker,1610612756.0,Phoenix,Suns,PHX,4,201960,DeMarre Carroll,1610612761.0,Toronto,Raptors,TOR,1,0,,,,,
0021500250,8,3,11,1,6:13 PM,11:06,Carroll Free Throw 1 of 2 (1 PTS),,,0 - 1,1,4,201960,DeMarre Carroll,1610612761.0,Toronto,Raptors,TOR,0,0,,,,,,0,0,,,,,
0021500250,10,3,12,1,6:13 PM,11:06,MISS Carroll Free Throw 2 of 2,,,,,4,201960,DeMarre Carroll,1610612761.0,Toronto,Raptors,TOR,0,0,,,,,,0,0,,,,,
0021500250,12,4,0,1,6:14 PM,11:05,,,Knight REBOUND (Off:0 Def:2),,,5,202688,Brandon Knight,1610612756.0,Phoenix,Suns,PHX,0,0,,,,,,0,0,,,,,
0021500250,14,2,1,1,6:14 PM,10:46,,,MISS Mark Morris 19' Jump Shot,,,5,202693,Markieff Morris,1610612756.0,Phoenix,Suns,PHX,0,0,,,,,,0,0,,,,,
0021500250,15,4,0,1,6:14 PM,10:45,Biyombo REBOUND (Off:0 Def:1),,,,,4,202687,Bismack Biyombo,1610612761.0,Toronto,Raptors,TOR,0,0,,,,,,0,0,,,,,
0021500250,16,2,63,1,6:14 PM,10:34,MISS Scola 7' Fadeaway Jumper,,,,,4,2449,Luis Scola,1610612761.0,Toronto,Raptors,TOR,0,0,,,,,,0,0,,,,,
0021500250,17,4,0,1,6:14 PM,10:33,,,Len REBOUND (Off:0 Def:1),,,5,203458,Alex Len,1610612756.0,Phoenix,Suns,PHX,0,0,,,,,,0,0,,,,,
0021500250,18,2,103,1,6:14 PM,10:27,,,MISS Bledsoe 24' 3PT Running Pull-Up Jump Shot,,,5,202339,Eric Bledsoe,1610612756.0,Phoenix,Suns,PHX,0,0,,,,,,0,0,,,,,
0021500250,19,4,0,1,6:14 PM,10:26,Scola REBOUND (Off:0 Def:1),,,,,4,2449,Luis Scola,1610612761.0,Toronto,Raptors,TOR,0,0,,,,,,0,0,,,,,
0021500250,20,2,79,1,6:14 PM,10:12,MISS DeRozan 16' Pullup Jump Shot,,,,,4,201942,DeMar DeRozan,1610612761.0,Toronto,Raptors,TOR,0,0,,,,,,0,0,,,,,
0021500250,21,4,0,1,6:14 PM,10:11,,,Mark Morris REBOUND (Off:0 Def:1),,,5,202693,Markieff Morris,1610612756.0,Phoenix,Suns,PHX,0,0,,,,,,0,0,,,,,
0021500250,22,1,46,1,6:15 PM,10:02,,,Knight 17' Running Jump Shot (2 PTS),2 - 1,-1,5,202688,Brandon Knight,1610612756.0,Phoenix,Suns,PHX,0,0,,,,,,0,0,,,,,
0021500250,24,6,2,1,6:15 PM,9:53,,,Bledsoe S.FOUL (P1.T2) (D.Stafford),,,5,202339,Eric Bledsoe,1610612756.0,Phoenix,Suns,PHX,4,201942,DeMar DeRozan,1610612761.0,Toronto,Raptors,TOR,1,0,,,,,
0021500250,25,3,11,1,6:15 PM,9:53,DeRozan Free Throw 1 of 2 (1 PTS),,,2 - 2,TIE,4,201942,DeMar DeRozan,1610612761.0,Toronto,Raptors,TOR,0,0,,,,,,0,0,,,,,
0021500250,27,3,12,1,6:15 PM,9:53,DeRozan Free Throw 2 of 2 (2 PTS),,,2 - 3,1,4,201942,DeMar DeRozan,1610612761.0,Toronto,Raptors,TOR,0,0,,,,,,0,0,,,,,
0021500250,29,1,58,1,6:16 PM,9:30,,,Len 7' Turnaround Hook Shot (2 PTS) (Bledsoe 1 AST),4 - 3,-1,5,203458,Alex Len,1610612756.0,Phoenix,Suns,PHX,5,202339,Eric Bledsoe,1610612756.0,Phoenix,Suns,PHX,0,0,,,,,
0021500250,30,2,79,1,6:16 PM,9:11,MISS Lowry 25' 3PT Pullup Jump Shot,,,,,4,200768,Kyle Lowry,1610612761.0,Toronto,Raptors,TOR,0,0,,,,,,0,0,,,,,
0021500250,31,4,0,1,6:16 PM,9:10,,,Len REBOUND (Off:0 Def:2),,,5,203458,Alex Len,1610612756.0,Phoenix,Suns,PHX,0,0,,,,,,0,0,,,,,
0021500250,32,1,75,1,6:16 PM,8:55,,,Len 2' Driving Finger Roll Layup (4 PTS),6 - 3,-3,5,203458,Alex Len,1610612756.0,Phoenix,Suns,PHX,0,0,,,,,,0,0,,,,,
0021500250,33,2,47,1,6:17 PM,8:41,MISS Scola 8' Turnaround Jump Shot,,,,,4,2449,Luis Scola,1610612761.0,Toronto,Raptors,TOR,0,0,,,,,,0,0,,,,,
0021500250,34,4,0,1,6:17 PM,8:40,,,Len REBOUND (Off:0 Def:3),,,5,203458,Alex Len,1610612756.0,Phoenix,Suns,PHX,0,0,,,,,,0,0,,,,,
0021500250,35,1,103,1,6:17 PM,8:32,,,Bledsoe 25' 3PT Running Pull-Up Jump Shot (3 PTS),9 - 3,-6,5,202339,Eric Bledsoe,1610612756.0,Phoenix,Suns,PHX,0,0,,,,,,0,0,,,,,
0021500250,36,6,2,1,6:17 PM,8:18,,,Tucker S.FOUL (P2.T3) (P.Fraher),,,5,200782,PJ Tucker,1610612756.0,Phoenix,Suns,PHX,4,201942,DeMar DeRozan,1610612761.0,Toronto,Raptors,TOR,1,0,,,,,
0021500250,37,3,11,1,6:17 PM,8:18,DeRozan Free Throw 1 of 2 (3 PTS),,,9 - 4,-5,4,201942,DeMar DeRozan,1610612761.0,Toronto,Raptors,TOR,0,0,,,,,,0,0,,,,,
0021500250,39,8,0,1,6:18 PM,8:18,,,SUB: Warren FOR Tucker,,,5,200782,PJ Tucker,1610612756.0,Phoenix,Suns,PHX,5,203933,TJ Warren,1610612756.0,Phoenix,Suns,PHX,0,0,,,,,
0021500250,41,3,12,1,6:18 PM,8:18,DeRozan Free Throw 2 of 2 (4 PTS),,,9 - 5,-4,4,201942,DeMar DeRozan,1610612761.0,Toronto,Raptors,TOR,0,0,,,,,,0,0,,,,,
0021500250,43,1,78,1,6:18 PM,7:59,,,Warren 7' Floating Jump Shot (2 PTS) (Mark Morris 1 AST),11 - 5,-6,5,203933,TJ Warren,1610612756.0,Phoenix,Suns,PHX,5,202693,Markieff Morris,1610612756.0,Phoenix,Suns,PHX,0,0,,,,,
0021500250,45,1,1,1,6:18 PM,7:39,Carroll 24' 3PT Jump Shot (4 PTS) (DeRozan 1 AST),,,11 - 8,-3,4,201960,DeMarre Carroll,1610612761.0,Toronto,Raptors,TOR,4,201942,DeMar DeRozan,1610612761.0,Toronto,Raptors,TOR,0,0,,,,,
0021500250,46,2,3,1,6:19 PM,7:26,,,MISS Knight 8' Hook Shot,,,5,202688,Brandon Knight,1610612756.0,Phoenix,Suns,PHX,0,0,,,,,,0,0,,,,,
0021500250,47,4,0,1,6:19 PM,7:25,,,Knight REBOUND (Off:1 Def:2),,,5,202688,Brandon Knight,1610612756.0,Phoenix,Suns,PHX,0,0,,,,,,0,0,,,,,
0021500250,48,2,1,1,6:19 PM,7:16,,,MISS Mark Morris 25' 3PT Jump Shot,,,5,202693,Markieff Morris,1610612756.0,Phoenix,Suns,PHX,0,0,,,,,,0,0,,,,,
0021500250,49,4,0,1,6:19 PM,7:16,Carroll REBOUND (Off:0 Def:2),,,,,4,201960,DeMarre Carroll,1610612761.0,Toronto,Raptors,TOR,0,0,,,,,,0,0,,,,,
0021500250,50,1,46,1,6:19 PM,7:09,Lowry 25' 3PT Running Jump Shot (3 PTS) (Carroll 1 AST),,,11 - 11,TIE,4,200768,Kyle Lowry,1610612761.0,Toronto,Raptors,TOR,4,201960,DeMarre Carroll,1610612761.0,Toronto,Raptors,TOR,0,0,,,,,
0021500250,51,2,1,1,6:19 PM,6:45,,,MISS Mark Morris 18' Jump Shot,,,5,202693,Markieff Morris,1610612756.0,Phoenix,Suns,PHX,0,0,,,,,,0,0,,,,,
0021500250,52,4,0,1,6:19 PM,6:45,Lowry REBOUND (Off:0 Def:1),,,,,4,200768,Kyle Lowry,1610612761.0,Toronto,Raptors,TOR,0,0,,,,,,0,0,,,,,
0021500250,53,2,98,1,6:20 PM,6:32,MISS Carroll 1' Cutting Layup Shot,,Knight BLOCK (1 BLK),,,4,201960,DeMarre Carroll,1610612761.0,Toronto,Raptors,TOR,0,0,,,,,,5,202688,Brandon Knight,1610612756.0,Phoenix,Suns,PHX
0021500250,54,4,0,1,6:20 PM,6:32,,,Suns Rebound,,,3,1610612756,,,,,,0,0,,,,,,0,0,,,,,
0021500250,55,2,101,1,6:20 PM,6:17,,,MISS Bledsoe 3' Driving Floating Jump Shot,,,5,202339,Eric Bledsoe,1610612756.0,Phoenix,Suns,PHX,0,0,,,,,,0,0,,,,,
0021500250,56,4,0,1,6:20 PM,6:16,,,Mark Morris REBOUND (Off:1 Def:1),,,5,202693,Markieff Morris,1610612756.0,Phoenix,Suns,PHX,0,0,,,,,,0,0,,,,,
0021500250,57,1,44,1,6:20 PM,6:14,,,Mark Morris 1' Reverse Layup (2 PTS),13 - 11,-2,5,202693,Markieff Morris,1610612756.0,Phoenix,Suns,PHX,0,0,,,,,,0,0,,,,,
0021500250,58,9,1,1,6:20 PM,6:09,RAPTORS Timeout: Regular (Full 1 Short 0),,,,,2,1610612761,,,,,,0,0,,,,,,0,0,,,,,
0021500250,62,2,1,1,6:23 PM,5:58,MISS Lowry 26' 3PT Jump Shot,,Bledsoe BLOCK (1 BLK),,,4,200768,Kyle Lowry,1610612761.0,Toronto,Raptors,TOR,0,0,,,,,,5,202339,Eric Bledsoe,1610612756.0,Phoenix,Suns,PHX
0021500250,63,4,0,1,6:23 PM,5:57,,,Mark Morris REBOUND (Off:1 Def:2),,,5,202693,Markieff Morris,1610612756.0,Phoenix,Suns,PHX,0,0,,,,,,0,0,,,,,
0021500250,64,2,1,1,6:23 PM,5:53,Biyombo BLOCK (1 BLK),,MISS Bledsoe 4' Jump Shot,,,5,202339,Eric Bledsoe,1610612756.0,Phoenix,Suns,PHX,0,0,,,,,,4,202687,Bismack Biyombo,1610612761.0,Toronto,Raptors,TOR
0021500250,65,4,0,1,6:23 PM,5:51,,,Warren REBOUND (Off:1 Def:0),,,5,203933,TJ Warren,1610612756.0,Phoenix,Suns,PHX,0,0,,,,,,0,0,,,,,
0021500250,66,1,97,1,6:23 PM,5:49,,,Warren 2' Tip Layup Shot (4 PTS),15 - 11,-4,5,203933,TJ Warren,1610612756.0,Phoenix,Suns,PHX,0,0,,,,,,0,0,,,,,
0021500250,68,2,1,1,6:23 PM,5:37,MISS Carroll 24' 3PT Jump Shot,,,,,4,201960,DeMarre Carroll,1610612761.0,Toronto,Raptors,TOR,0,0,,,,,,0,0,,,,,
0021500250,69,4,0,1,6:23 PM,5:36,,,Mark Morris REBOUND (Off:1 Def:3),,,5,202693,Markieff Morris,1610612756.0,Phoenix,Suns,PHX,0,0,,,,,,0,0,,,,,
0021500250,70,2,79,1,6:24 PM,5:17,,,MISS Mark Morris 20' Pullup Jump Shot,,,5,202693,Markieff Morris,1610612756.0,Phoenix,Suns,PHX,0,0,,,,,,0,0,,,,,
0021500250,71,4,0,1,6:24 PM,5:16,Carroll REBOUND (Off:0 Def:3),,,,,4,201960,DeMarre Carroll,1610612761.0,Toronto,Raptors,TOR,0,0,,,,,,0,0,,,,,
0021500250,72,1,44,1,6:24 PM,5:06,Carroll 2' Reverse Layup (6 PTS) (Lowry 1 AST),,,15 - 13,-2,4,201960,DeMarre Carroll,1610612761.0,Toronto,Raptors,TOR,4,200768,Kyle Lowry,1610612761.0,Toronto,Raptors,TOR,0,0,,,,,
0021500250,73,2,1,1,6:24 PM,4:42,,,MISS Knight 24' 3PT Jump Shot,,,5,202688,Brandon Knight,1610612756.0,Phoenix,Suns,PHX,0,0,,,,,,0,0,,,,,
0021500250,74,4,0,1,6:24 PM,4:41,Scola REBOUND (Off:0 Def:2),,,,,4,2449,Luis Scola,1610612761.0,Toronto,Raptors,TOR,0,0,,,,,,0,0,,,,,
0021500250,75,6,2,1,6:25 PM,4:29,,,Mark Morris S.FOUL (P1.T4) (K.Lane),,,5,202693,Markieff Morris,1610612756.0,Phoenix,Suns,PHX,4,2449,Luis Scola,1610612761.0,Toronto,Raptors,TOR,1,0,,,,,
0021500250,76,3,11,1,6:25 PM,4:29,Scola Free Throw 1 of 2 (1 PTS),,,15 - 14,-1,4,2449,Luis Scola,1610612761.0,Toronto,Raptors,TOR,0,0,,,,,,0,0,,,,,
0021500250,78,8,0,1,6:25 PM,4:29,,,SUB: Leuer FOR Len,,,5,203458,Alex Len,1610612756.0,Phoenix,Suns,PHX,5,202720,Jon Leuer,1610612756.0,Phoenix,Suns,PHX,0,0,,,,,
0021500250,79,8,0,1,6:25 PM,4:29,,,SUB: Price FOR Bledsoe,,,5,202339,Eric Bledsoe,1610612756.0,Phoenix,Suns,PHX,5,101179,Ronnie Price,1610612756.0,Phoenix,Suns,PHX,0,0,,,,,
0021500250,80,8,0,1,6:25 PM,4:29,SUB: Joseph FOR DeRozan,,,,,4,201942,DeMar DeRozan,1610612761.0,Toronto,Raptors,TOR,4,202709,Cory Joseph,1610612761.0,Toronto,Raptors,TOR,0,0,,,,,
0021500250,81,3,12,1,6:25 PM,4:29,Scola Free Throw 2 of 2 (2 PTS),,,15 - 15,TIE,4,2449,Luis Scola,1610612761.0,Toronto,Raptors,TOR,0,0,,,,,,0,0,,,,,
0021500250,83,1,1,1,6:26 PM,4:15,,,Leuer 20' Jump Shot (2 PTS) (Mark Morris 2 AST),17 - 15,-2,5,202720,Jon Leuer,1610612756.0,Phoenix,Suns,PHX,5,202693,Markieff Morris,1610612756.0,Phoenix,Suns,PHX,0,0,,,,,
0021500250,84,5,1,1,6:26 PM,3:55,Lowry Bad Pass Turnover (P1.T1),,Warren STEAL (1 STL),,,4,200768,Kyle Lowry,1610612761.0,Toronto,Raptors,TOR,5,203933,TJ Warren,1610612756.0,Phoenix,Suns,PHX,0,0,,,,,
0021500250,85,2,101,1,6:26 PM,3:44,Biyombo BLOCK (2 BLK),,MISS Warren 4' Driving Floating Jump Shot,,,5,203933,TJ Warren,1610612756.0,Phoenix,Suns,PHX,0,0,,,,,,4,202687,Bismack Biyombo,1610612761.0,Toronto,Raptors,TOR
0021500250,86,4,0,1,6:26 PM,3:42,Scola REBOUND (Off:0 Def:3),,,,,4,2449,Luis Scola,1610612761.0,Toronto,Raptors,TOR,0,0,,,,,,0,0,,,,,
0021500250,87,1,103,1,6:26 PM,3:39,Lowry 25' 3PT Running Pull-Up Jump Shot (6 PTS) (Scola 1 AST),,,17 - 18,1,4,200768,Kyle Lowry,1610612761.0,Toronto,Raptors,TOR,4,2449,Luis Scola,1610612761.0,Toronto,Raptors,TOR,0,0,,,,,
0021500250,88,2,1,1,6:26 PM,3:21,,,MISS Knight 21' Jump Shot,,,5,202688,Brandon Knight,1610612756.0,Phoenix,Suns,PHX,0,0,,,,,,0,0,,,,,
0021500250,89,4,0,1,6:26 PM,3:21,Biyombo REBOUND (Off:0 Def:2),,,,,4,202687,Bismack Biyombo,1610612761.0,Toronto,Raptors,TOR,0,0,,,,,,0,0,,,,,
0021500250,90,2,1,1,6:27 PM,3:10,MISS Lowry 19' Jump Shot,,,,,4,200768,Kyle Lowry,1610612761.0,Toronto,Raptors,TOR,0,0,,,,,,0,0,,,,,
0021500250,91,4,0,1,6:27 PM,3:10,Biyombo REBOUND (Off:1 Def:2),,,,,4,202687,Bismack Biyombo,1610612761.0,Toronto,Raptors,TOR,0,0,,,,,,0,0,,,,,
0021500250,92,5,4,1,6:27 PM,3:06,Biyombo Traveling Turnover (P1.T2),,,,,4,202687,Bismack Biyombo,1610612761.0,Toronto,Raptors,TOR,0,0,,,,,,1,0,,,,,
0021500250,93,8,0,1,6:27 PM,3:06,SUB: Patterson FOR Scola,,,,,4,2449,Luis Scola,1610612761.0,Toronto,Raptors,TOR,4,202335,Patrick Patterson,1610612761.0,Toronto,Raptors,TOR,0,0,,,,,
0021500250,95,9,1,1,6:27 PM,3:06,,,Suns Timeout: Regular (Reg.1 Short 0),,,3,1610612756,,,,,,0,0,,,,,,0,0,,,,,
0021500250,96,8,0,1,6:29 PM,3:06,SUB: Nogueira FOR Biyombo,,,,,4,202687,Bismack Biyombo,1610612761.0,Toronto,Raptors,TOR,4,203512,Lucas Nogueira,1610612761.0,Toronto,Raptors,TOR,0,0,,,,,
0021500250,98,2,3,1,6:30 PM,2:50,,,MISS Leuer 6' Hook Shot,,,5,202720,Jon Leuer,1610612756.0,Phoenix,Suns,PHX,0,0,,,,,,0,0,,,,,
0021500250,99,4,0,1,6:30 PM,2:48,Lowry REBOUND (Off:0 Def:2),,,,,4,200768,Kyle Lowry,1610612761.0,Toronto,Raptors,TOR,0,0,,,,,,0,0,,,,,
0021500250,100,2,42,1,6:30 PM,2:39,MISS Lowry 3' Driving Layup,,Leuer BLOCK (1 BLK),,,4,200768,Kyle Lowry,1610612761.0,Toronto,Raptors,TOR,0,0,,,,,,5,202720,Jon Leuer,1610612756.0,Phoenix,Suns,PHX
0021500250,101,4,0,1,6:30 PM,2:38,,,Warren REBOUND (Off:1 Def:1),,,5,203933,TJ Warren,1610612756.0,Phoenix,Suns,PHX,0,0,,,,,,0,0,,,,,
0021500250,102,2,1,1,6:30 PM,2:30,,,MISS Mark Morris 9' Jump Shot,,,5,202693,Markieff Morris,1610612756.0,Phoenix,Suns,PHX,0,0,,,,,,0,0,,,,,
0021500250,103,4,0,1,6:30 PM,2:29,,,Warren REBOUND (Off:2 Def:1),,,5,203933,TJ Warren,1610612756.0,Phoenix,Suns,PHX,0,0,,,,,,0,0,,,,,
0021500250,104,2,97,1,6:30 PM,2:25,,,MISS Warren 2' Tip Layup Shot,,,5,203933,TJ Warren,1610612756.0,Phoenix,Suns,PHX,0,0,,,,,,0,0,,,,,
0021500250,105,4,0,1,6:30 PM,2:25,Lowry REBOUND (Off:0 Def:3),,,,,4,200768,Kyle Lowry,1610612761.0,Toronto,Raptors,TOR,0,0,,,,,,0,0,,,,,
0021500250,106,2,1,1,6:30 PM,2:19,MISS Joseph 19' Jump Shot,,,,,4,202709,Cory Joseph,1610612761.0,Toronto,Raptors,TOR,0,0,,,,,,0,0,,,,,
0021500250,107,4,0,1,6:30 PM,2:17,Carroll REBOUND (Off:1 Def:3),,,,,4,201960,DeMarre Carroll,1610612761.0,Toronto,Raptors,TOR,0,0,,,,,,0,0,,,,,
0021500250,108,2,102,1,6:30 PM,2:09,MISS Joseph 5' Driving Floating Bank Jump Shot,,,,,4,202709,Cory Joseph,1610612761.0,Toronto,Raptors,TOR,0,0,,,,,,0,0,,,,,
0021500250,109,4,0,1,6:30 PM,2:08,,,Mark Morris REBOUND (Off:1 Def:4),,,5,202693,Markieff Morris,1610612756.0,Phoenix,Suns,PHX,0,0,,,,,,0,0,,,,,
0021500250,110,6,2,1,6:31 PM,1:59,Carroll S.FOUL (P1.T1) (D.Stafford),,,,,4,201960,DeMarre Carroll,1610612761.0,Toronto,Raptors,TOR,5,202688,Brandon Knight,1610612756.0,Phoenix,Suns,PHX,1,0,,,,,
0021500250,111,3,11,1,6:31 PM,1:59,,,Knight Free Throw 1 of 2 (3 PTS),18 - 18,TIE,5,202688,Brandon Knight,1610612756.0,Phoenix,Suns,PHX,0,0,,,,,,0,0,,,,,
0021500250,113,3,12,1,6:31 PM,1:59,,,Knight Free Throw 2 of 2 (4 PTS),19 - 18,-1,5,202688,Brandon Knight,1610612756.0,Phoenix,Suns,PHX,0,0,,,,,,0,0,,,,,
0021500250,115,5,1,1,6:31 PM,1:45,Lowry Bad Pass Turnover (P2.T3),,Knight STEAL (1 STL),,,4,200768,Kyle Lowry,1610612761.0,Toronto,Raptors,TOR,5,202688,Brandon Knight,1610612756.0,Phoenix,Suns,PHX,0,0,,,,,
0021500250,116,2,46,1,6:32 PM,1:41,Joseph BLOCK (1 BLK),,MISS Knight 3' Running Jump Shot,,,5,202688,Brandon Knight,1610612756.0,Phoenix,Suns,PHX,0,0,,,,,,4,202709,Cory Joseph,1610612761.0,Toronto,Raptors,TOR
0021500250,117,4,0,1,6:32 PM,1:41,RAPTORS Rebound,,,,,2,1610612761,,,,,,0,0,,,,,,0,0,,,,,
0021500250,119,2,1,1,6:32 PM,1:22,MISS Lowry 24' 3PT Jump Shot,,,,,4,200768,Kyle Lowry,1610612761.0,Toronto,Raptors,TOR,0,0,,,,,,0,0,,,,,
0021500250,120,4,0,1,6:32 PM,1:20,,,Price REBOUND (Off:0 Def:1),,,5,101179,Ronnie Price,1610612756.0,Phoenix,Suns,PHX,0,0,,,,,,0,0,,,,,
0021500250,121,2,98,1,6:32 PM,1:11,,,MISS Mark Morris 2' Cutting Layup Shot,,,5,202693,Markieff Morris,1610612756.0,Phoenix,Suns,PHX,0,0,,,,,,0,0,,,,,
0021500250,122,4,0,1,6:32 PM,1:11,Carroll REBOUND (Off:1 Def:4),,,,,4,201960,DeMarre Carroll,1610612761.0,Toronto,Raptors,TOR,0,0,,,,,,0,0,,,,,
0021500250,123,2,1,1,6:32 PM,1:01,MISS Patterson 24' 3PT Jump Shot,,,,,4,202335,Patrick Patterson,1610612761.0,Toronto,Raptors,TOR,0,0,,,,,,0,0,,,,,
0021500250,124,4,0,1,6:32 PM,1:01,,,Leuer REBOUND (Off:0 Def:1),,,5,202720,Jon Leuer,1610612756.0,Phoenix,Suns,PHX,0,0,,,,,,0,0,,,,,
0021500250,125,2,1,1,6:32 PM,0:54,,,MISS Warren 13' Jump Shot,,,5,203933,TJ Warren,1610612756.0,Phoenix,Suns,PHX,0,0,,,,,,0,0,,,,,
0021500250,126,4,0,1,6:33 PM,0:52,,,Mark Morris REBOUND (Off:2 Def:4),,,5,202693,Markieff Morris,1610612756.0,Phoenix,Suns,PHX,0,0,,,,,,0,0,,,,,
0021500250,137,5,1,1,6:33 PM,0:50,Nogueira STEAL (1 STL),,Mark Morris Bad Pass Turnover (P1.T1),,,5,202693,Markieff Morris,1610612756.0,Phoenix,Suns,PHX,4,203512,Lucas Nogueira,1610612761.0,Toronto,Raptors,TOR,0,0,,,,,
0021500250,127,2,98,1,6:33 PM,0:43,MISS Joseph 4' Cutting Layup Shot,,,,,4,202709,Cory Joseph,1610612761.0,Toronto,Raptors,TOR,0,0,,,,,,0,0,,,,,
0021500250,128,4,0,1,6:33 PM,0:43,,,Leuer REBOUND (Off:0 Def:2),,,5,202720,Jon Leuer,1610612756.0,Phoenix,Suns,PHX,0,0,,,,,,0,0,,,,,
0021500250,129,1,78,1,6:33 PM,0:35,,,Warren 4' Floating Jump Shot (6 PTS) (Price 1 AST),21 - 18,-3,5,203933,TJ Warren,1610612756.0,Phoenix,Suns,PHX,5,101179,Ronnie Price,1610612756.0,Phoenix,Suns,PHX,0,0,,,,,
0021500250,130,2,1,1,6:33 PM,0:10,MISS Carroll 16' Jump Shot,,Warren BLOCK (1 BLK),,,4,201960,DeMarre Carroll,1610612761.0,Toronto,Raptors,TOR,0,0,,,,,,5,203933,TJ Warren,1610612756.0,Phoenix,Suns,PHX
0021500250,131,4,0,1,6:33 PM,0:08,Nogueira REBOUND (Off:1 Def:0),,,,,4,203512,Lucas Nogueira,1610612761.0,Toronto,Raptors,TOR,0,0,,,,,,0,0,,,,,
0021500250,132,2,1,1,6:33 PM,0:05,MISS Nogueira 25' 3PT Jump Shot,,,,,4,203512,Lucas Nogueira,1610612761.0,Toronto,Raptors,TOR,0,0,,,,,,0,0,,,,,
0021500250,133,4,0,1,6:33 PM,0:04,,,Mark Morris REBOUND (Off:2 Def:5),,,5,202693,Markieff Morris,1610612756.0,Phoenix,Suns,PHX,0,0,,,,,,0,0,,,,,
0021500250,134,2,1,1,6:33 PM,0:00,,,MISS Leuer 26' 3PT Jump Shot,,,5,202720,Jon Leuer,1610612756.0,Phoenix,Suns,PHX,0,0,,,,,,0,0,,,,,
0021500250,135,4,0,1,6:33 PM,0:00,Patterson REBOUND (Off:0 Def:1),,,,,4,202335,Patrick Patterson,1610612761.0,Toronto,Raptors,TOR,0,0,,,,,,0,0,,,,,
0021500250,136,13,0,1,6:34 PM,0:00,,,,21 - 18,-3,0,0,,,,,,0,0,,,,,,0,0,,,,,
0021500250,139,12,0,2,6:36 PM,12:00,,,,21 - 18,-3,0,0,,,,,,0,0,,,,,,0,0,,,,,
0021500250,140,1,1,2,6:37 PM,11:42,,,Teletovic 24' 3PT Jump Shot (3 PTS) (Bledsoe 2 AST),24 - 18,-6,5,203141,Mirza Teletovic,1610612756.0,Phoenix,Suns,PHX,5,202339,Eric Bledsoe,1610612756.0,Phoenix,Suns,PHX,0,0,,,,,
0021500250,141,2,47,2,6:37 PM,11:24,MISS Patterson 13' Turnaround Jump Shot,,,,,4,202335,Patrick Patterson,1610612761.0,Toronto,Raptors,TOR,0,0,,,,,,0,0,,,,,
0021500250,142,4,0,2,6:37 PM,11:23,,,Warren REBOUND (Off:2 Def:2),,,5,203933,TJ Warren,1610612756.0,Phoenix,Suns,PHX,0,0,,,,,,0,0,,,,,
0021500250,143,1,1,2,6:37 PM,11:12,,,Leuer 24' 3PT Jump Shot (5 PTS) (Price 2 AST),27 - 18,-9,5,202720,Jon Leuer,1610612756.0,Phoenix,Suns,PHX,5,101179,Ronnie Price,1610612756.0,Phoenix,Suns,PHX,0,0,,,,,
0021500250,145,1,42,2,6:37 PM,10:58,DeRozan 2' Driving Layup (6 PTS),,,27 - 20,-7,4,201942,DeMar DeRozan,1610612761.0,Toronto,Raptors,TOR,0,0,,,,,,0,0,,,,,
0021500250,146,2,98,2,6:38 PM,10:48,,,MISS Bledsoe 3' Cutting Layup Shot,,,5,202339,Eric Bledsoe,1610612756.0,Phoenix,Suns,PHX,0,0,,,,,,0,0,,,,,
0021500250,147,4,0,2,6:38 PM,10:47,Nogueira REBOUND (Off:1 Def:1),,,,,4,203512,Lucas Nogueira,1610612761.0,Toronto,Raptors,TOR,0,0,,,,,,0,0,,,,,
0021500250,148,1,7,2,6:38 PM,10:36,Nogueira  Dunk (2 PTS) (DeRozan 2 AST),,,27 - 22,-5,4,203512,Lucas Nogueira,1610612761.0,Toronto,Raptors,TOR,4,201942,DeMar DeRozan,1610612761.0,Toronto,Raptors,TOR,0,0,,,,,
0021500250,149,5,1,2,6:38 PM,10:21,,,Price Bad Pass Turnover (P1.T2),,,5,101179,Ronnie Price,1610612756.0,Phoenix,Suns,PHX,0,0,,,,,,1,0,,,,,
0021500250,150,1,79,2,6:38 PM,10:08,DeRozan 13' Pullup Jump Shot (8 PTS),,,27 - 24,-3,4,201942,DeMar DeRozan,1610612761.0,Toronto,Raptors,TOR,0,0,,,,,,0,0,,,,,
0021500250,151,6,2,2,6:38 PM,10:08,,,Leuer S.FOUL (P1.T1) (P.Fraher),,,5,202720,Jon Leuer,1610612756.0,Phoenix,Suns,PHX,4,201942,DeMar DeRozan,1610612761.0,Toronto,Raptors,TOR,1,0,,,,,
0021500250,152,3,10,2,6:39 PM,10:08,DeRozan Free Throw 1 of 1 (9 PTS),,,27 - 25,-2,4,201942,DeMar DeRozan,1610612761.0,Toronto,Raptors,TOR,0,0,,,,,,0,0,,,,,
0021500250,155,1,1,2,6:39 PM,9:56,,,Leuer 24' 3PT Jump Shot (8 PTS) (Bledsoe 3 AST),30 - 25,-5,5,202720,Jon Leuer,1610612756.0,Phoenix,Suns,PHX,5,202339,Eric Bledsoe,1610612756.0,Phoenix,Suns,PHX,0,0,,,,,
0021500250,156,2,79,2,6:40 PM,9:28,MISS Joseph 15' Pullup Jump Shot,,,,,4,202709,Cory Joseph,1610612761.0,Toronto,Raptors,TOR,0,0,,,,,,0,0,,,,,
0021500250,157,4,0,2,6:40 PM,9:28,,,Warren REBOUND (Off:2 Def:3),,,5,203933,TJ Warren,1610612756.0,Phoenix,Suns,PHX,0,0,,,,,,0,0,,,,,
0021500250,158,1,1,2,6:40 PM,9:19,,,Teletovic 26' 3PT Jump Shot (6 PTS) (Price 3 AST),33 - 25,-8,5,203141,Mirza Teletovic,1610612756.0,Phoenix,Suns,PHX,5,101179,Ronnie Price,1610612756.0,Phoenix,Suns,PHX,0,0,,,,,
0021500250,159,9,1,2,6:40 PM,9:07,RAPTORS Timeout: Regular (Full 2 Short 0),,,,,2,1610612761,,,,,,0,0,,,,,,0,0,,,,,
0021500250,162,8,0,2,6:42 PM,9:07,SUB: Biyombo FOR Patterson,,,,,4,202335,Patrick Patterson,1610612761.0,Toronto,Raptors,TOR,4,202687,Bismack Biyombo,1610612761.0,Toronto,Raptors,TOR,0,0,,,,,
0021500250,163,8,0,2,6:42 PM,9:07,SUB: Johnson FOR Nogueira,,,,,4,203512,Lucas Nogueira,1610612761.0,Toronto,Raptors,TOR,4,201949,James Johnson,1610612761.0,Toronto,Raptors,TOR,0,0,,,,,
0021500250,164,1,79,2,6:43 PM,8:57,DeRozan 17' Pullup Jump Shot (11 PTS) (Johnson 1 AST),,,33 - 27,-6,4,201942,DeMar DeRozan,1610612761.0,Toronto,Raptors,TOR,4,201949,James Johnson,1610612761.0,Toronto,Raptors,TOR,0,0,,,,,
0021500250,165,2,1,2,6:43 PM,8:36,,,MISS Leuer 24' 3PT Jump Shot,,,5,202720,Jon Leuer,1610612756.0,Phoenix,Suns,PHX,0,0,,,,,,0,0,,,,,
0021500250,166,4,0,2,6:43 PM,8:34,,,Price REBOUND (Off:1 Def:1),,,5,101179,Ronnie Price,1610612756.0,Phoenix,Suns,PHX,0,0,,,,,,0,0,,,,,
0021500250,167,2,1,2,6:43 PM,8:25,,,MISS Warren  3PT Jump Shot,,,5,203933,TJ Warren,1610612756.0,Phoenix,Suns,PHX,0,0,,,,,,0,0,,,,,
0021500250,168,4,0,2,6:43 PM,8:24,Joseph REBOUND (Off:0 Def:1),,,,,4,202709,Cory Joseph,1610612761.0,Toronto,Raptors,TOR,0,0,,,,,,0,0,,,,,
0021500250,169,1,66,2,6:44 PM,8:11,DeRozan 7' Jump Bank Shot (13 PTS),,,33 - 29,-4,4,201942,DeMar DeRozan,1610612761.0,Toronto,Raptors,TOR,0,0,,,,,,0,0,,,,,
0021500250,170,6,1,2,6:44 PM,8:02,DeRozan P.FOUL (P1.T1) (K.Lane),,,,,4,201942,DeMar DeRozan,1610612761.0,Toronto,Raptors,TOR,5,203141,Mirza Teletovic,1610612756.0,Phoenix,Suns,PHX,1,0,,,,,
0021500250,171,8,0,2,6:44 PM,8:02,,,SUB: Len FOR Leuer,,,5,202720,Jon Leuer,1610612756.0,Phoenix,Suns,PHX,5,203458,Alex Len,1610612756.0,Phoenix,Suns,PHX,0,0,,,,,
0021500250,172,8,0,2,6:44 PM,8:02,,,SUB: Tucker FOR Warren,,,5,203933,TJ Warren,1610612756.0,Phoenix,Suns,PHX,5,200782,PJ Tucker,1610612756.0,Phoenix,Suns,PHX,0,0,,,,,
0021500250,174,2,1,2,6:44 PM,7:48,,,MISS Price 26' 3PT Jump Shot,,,5,101179,Ronnie Price,1610612756.0,Phoenix,Suns,PHX,0,0,,,,,,0,0,,,,,
0021500250,177,4,0,2,6:45 PM,7:45,Joseph REBOUND (Off:0 Def:2),,,,,4,202709,Cory Joseph,1610612761.0,Toronto,Raptors,TOR,0,0,,,,,,0,0,,,,,
0021500250,178,6,4,2,6:45 PM,7:42,Biyombo OFF.Foul (P1) (P.Fraher),,,,,4,202687,Bismack Biyombo,1610612761.0,Toronto,Raptors,TOR,5,200782,PJ Tucker,1610612756.0,Phoenix,Suns,PHX,1,0,,,,,
0021500250,179,5,5,2,6:45 PM,7:42,Biyombo Foul Turnover (P2.T4),,,,,4,202687,Bismack Biyombo,1610612761.0,Toronto,Raptors,TOR,0,0,,,,,,1,0,,,,,
0021500250,181,1,1,2,6:46 PM,7:23,,,Teletovic 22' Jump Shot (8 PTS),35 - 29,-6,5,203141,Mirza Teletovic,1610612756.0,Phoenix,Suns,PHX,0,0,,,,,,0,0,,,,,
0021500250,182,5,1,2,6:46 PM,7:08,DeRozan Bad Pass Turnover (P1.T5),,,,,4,201942,DeMar DeRozan,1610612761.0,Toronto,Raptors,TOR,0,0,,,,,,1,0,,,,,
0021500250,183,2,42,2,6:47 PM,7:01,Biyombo BLOCK (3 BLK),,MISS Bledsoe 2' Driving Layup,,,5,202339,Eric Bledsoe,1610612756.0,Phoenix,Suns,PHX,0,0,,,,,,4,202687,Bismack Biyombo,1610612761.0,Toronto,Raptors,TOR
0021500250,184,4,0,2,6:47 PM,6:59,DeRozan REBOUND (Off:0 Def:1),,,,,4,201942,DeMar DeRozan,1610612761.0,Toronto,Raptors,TOR,0,0,,,,,,0,0,,,,,
0021500250,185,1,108,2,6:47 PM,6:50,Johnson  Cutting Dunk Shot (2 PTS) (DeRozan 3 AST),,,35 - 31,-4,4,201949,James Johnson,1610612761.0,Toronto,Raptors,TOR,4,201942,DeMar DeRozan,1610612761.0,Toronto,Raptors,TOR,0,0,,,,,
0021500250,187,2,98,2,6:47 PM,6:38,,,MISS Price 2' Cutting Layup Shot,,,5,101179,Ronnie Price,1610612756.0,Phoenix,Suns,PHX,0,0,,,,,,0,0,,,,,
0021500250,188,4,0,2,6:47 PM,6:38,,,Suns Rebound,,,3,1610612756,,,,,,0,0,,,,,,0,0,,,,,
0021500250,189,5,1,2,6:47 PM,6:37,Johnson STEAL (1 STL),,Tucker Bad Pass Turnover (P1.T3),,,5,200782,PJ Tucker,1610612756.0,Phoenix,Suns,PHX,4,201949,James Johnson,1610612761.0,Toronto,Raptors,TOR,0,0,,,,,
0021500250,190,1,41,2,6:47 PM,6:30,Johnson 2' Running Layup (4 PTS),,,35 - 33,-2,4,201949,James Johnson,1610612761.0,Toronto,Raptors,TOR,0,0,,,,,,0,0,,,,,
0021500250,191,2,1,2,6:48 PM,6:10,,,MISS Price 25' 3PT Jump Shot,,,5,101179,Ronnie Price,1610612756.0,Phoenix,Suns,PHX,0,0,,,,,,0,0,,,,,
0021500250,192,4,0,2,6:48 PM,6:10,Joseph REBOUND (Off:0 Def:3),,,,,4,202709,Cory Joseph,1610612761.0,Toronto,Raptors,TOR,0,0,,,,,,0,0,,,,,
0021500250,193,2,1,2,6:48 PM,5:58,MISS DeRozan 15' Jump Shot,,,,,4,201942,DeMar DeRozan,1610612761.0,Toronto,Raptors,TOR,0,0,,,,,,0,0,,,,,
0021500250,194,4,0,2,6:48 PM,5:57,Biyombo REBOUND (Off:2 Def:2),,,,,4,202687,Bismack Biyombo,1610612761.0,Toronto,Raptors,TOR,0,0,,,,,,0,0,,,,,
0021500250,195,2,42,2,6:48 PM,5:51,MISS Johnson 3' Driving Layup,,,,,4,201949,James Johnson,1610612761.0,Toronto,Raptors,TOR,0,0,,,,,,0,0,,,,,
0021500250,196,4,0,2,6:48 PM,5:49,,,Tucker REBOUND (Off:0 Def:1),,,5,200782,PJ Tucker,1610612756.0,Phoenix,Suns,PHX,0,0,,,,,,0,0,,,,,
0021500250,197,1,1,2,6:48 PM,5:42,,,Teletovic 24' 3PT Jump Shot (11 PTS) (Bledsoe 4 AST),38 - 33,-5,5,203141,Mirza Teletovic,1610612756.0,Phoenix,Suns,PHX,5,202339,Eric Bledsoe,1610612756.0,Phoenix,Suns,PHX,0,0,,,,,
0021500250,198,2,66,2,6:49 PM,5:23,MISS Ross 24' 3PT Jump Bank Shot,,,,,4,203082,Terrence Ross,1610612761.0,Toronto,Raptors,TOR,0,0,,,,,,0,0,,,,,
0021500250,199,4,0,2,6:49 PM,5:22,,,Tucker REBOUND (Off:0 Def:2),,,5,200782,PJ Tucker,1610612756.0,Phoenix,Suns,PHX,0,0,,,,,,0,0,,,,,
0021500250,200,2,41,2,6:49 PM,5:16,Biyombo BLOCK (4 BLK),,MISS Bledsoe 3' Running Layup,,,5,202339,Eric Bledsoe,1610612756.0,Phoenix,Suns,PHX,0,0,,,,,,4,202687,Bismack Biyombo,1610612761.0,Toronto,Raptors,TOR
0021500250,201,4,0,2,6:49 PM,5:16,,,Suns Rebound,,,3,1610612756,,,,,,0,0,,,,,,0,0,,,,,
0021500250,202,9,4,2,6:49 PM,5:16,,,,,,1,0,,,,,,0,0,,,,,,0,0,,,,,
0021500250,204,8,0,2,6:51 PM,5:16,,,SUB: Knight FOR Price,,,5,101179,Ronnie Price,1610612756.0,Phoenix,Suns,PHX,5,202688,Brandon Knight,1610612756.0,Phoenix,Suns,PHX,0,0,,,,,
0021500250,205,8,0,2,6:51 PM,5:16,SUB: Carroll FOR Ross,,,,,4,203082,Terrence Ross,1610612761.0,Toronto,Raptors,TOR,4,201960,DeMarre Carroll,1610612761.0,Toronto,Raptors,TOR,0,0,,,,,
0021500250,206,8,0,2,6:51 PM,5:16,SUB: Lowry FOR Johnson,,,,,4,201949,James Johnson,1610612761.0,Toronto,Raptors,TOR,4,200768,Kyle Lowry,1610612761.0,Toronto,Raptors,TOR,0,0,,,,,
0021500250,207,1,5,2,6:51 PM,5:15,,,Bledsoe 1' Layup (5 PTS) (Teletovic 1 AST),40 - 33,-7,5,202339,Eric Bledsoe,1610612756.0,Phoenix,Suns,PHX,5,203141,Mirza Teletovic,1610612756.0,Phoenix,Suns,PHX,0,0,,,,,
0021500250,208,6,2,2,6:51 PM,5:15,Joseph S.FOUL (P1.T2) (D.Stafford),,,,,4,202709,Cory Joseph,1610612761.0,Toronto,Raptors,TOR,5,202339,Eric Bledsoe,1610612756.0,Phoenix,Suns,PHX,1,0,,,,,
0021500250,209,3,10,2,6:52 PM,5:15,,,MISS Bledsoe Free Throw 1 of 1,,,5,202339,Eric Bledsoe,1610612756.0,Phoenix,Suns,PHX,0,0,,,,,,0,0,,,,,
0021500250,211,4,0,2,6:52 PM,5:12,,,Suns Rebound,,,3,1610612756,,,,,,0,0,,,,,,0,0,,,,,
0021500250,212,2,101,2,6:52 PM,4:57,Joseph BLOCK (2 BLK),,MISS Bledsoe 5' Driving Floating Jump Shot,,,5,202339,Eric Bledsoe,1610612756.0,Phoenix,Suns,PHX,0,0,,,,,,4,202709,Cory Joseph,1610612761.0,Toronto,Raptors,TOR
0021500250,213,4,0,2,6:52 PM,4:55,RAPTORS Rebound,,,,,2,1610612761,,,,,,0,0,,,,,,0,0,,,,,
0021500250,214,6,3,2,6:53 PM,4:55,,,Bledsoe L.B.FOUL (P2.T2) (D.Stafford),,,5,202339,Eric Bledsoe,1610612756.0,Phoenix,Suns,PHX,4,200768,Kyle Lowry,1610612761.0,Toronto,Raptors,TOR,1,0,,,,,
0021500250,215,2,1,2,6:53 PM,4:38,MISS DeRozan 19' Jump Shot,,,,,4,201942,DeMar DeRozan,1610612761.0,Toronto,Raptors,TOR,0,0,,,,,,0,0,,,,,
0021500250,216,4,0,2,6:53 PM,4:37,,,Knight REBOUND (Off:1 Def:3),,,5,202688,Brandon Knight,1610612756.0,Phoenix,Suns,PHX,0,0,,,,,,0,0,,,,,
0021500250,217,1,1,2,6:53 PM,4:27,,,Len 11' Jump Shot (6 PTS) (Knight 1 AST),42 - 33,-9,5,203458,Alex Len,1610612756.0,Phoenix,Suns,PHX,5,202688,Brandon Knight,1610612756.0,Phoenix,Suns,PHX,0,0,,,,,
0021500250,218,2,5,2,6:54 PM,4:02,MISS Biyombo 4' Layup,,Bledsoe BLOCK (2 BLK),,,4,202687,Bismack Biyombo,1610612761.0,Toronto,Raptors,TOR,0,0,,,,,,5,202339,Eric Bledsoe,1610612756.0,Phoenix,Suns,PHX
0021500250,219,4,0,2,6:54 PM,4:00,,,Bledsoe REBOUND (Off:0 Def:1),,,5,202339,Eric Bledsoe,1610612756.0,Phoenix,Suns,PHX,0,0,,,,,,0,0,,,,,
0021500250,220,1,1,2,6:54 PM,3:53,,,Teletovic 24' 3PT Jump Shot (14 PTS) (Knight 2 AST),45 - 33,-12,5,203141,Mirza Teletovic,1610612756.0,Phoenix,Suns,PHX,5,202688,Brandon Knight,1610612756.0,Phoenix,Suns,PHX,0,0,,,,,
0021500250,221,2,101,2,6:54 PM,3:28,MISS Joseph 8' Driving Floating Jump Shot,,,,,4,202709,Cory Joseph,1610612761.0,Toronto,Raptors,TOR,0,0,,,,,,0,0,,,,,
0021500250,222,4,0,2,6:54 PM,3:27,Joseph REBOUND (Off:1 Def:3),,,,,4,202709,Cory Joseph,1610612761.0,Toronto,Raptors,TOR,0,0,,,,,,0,0,,,,,
0021500250,223,1,1,2,6:54 PM,3:22,Lowry 24' 3PT Jump Shot (9 PTS) (DeRozan 4 AST),,,45 - 36,-9,4,200768,Kyle Lowry,1610612761.0,Toronto,Raptors,TOR,4,201942,DeMar DeRozan,1610612761.0,Toronto,Raptors,TOR,0,0,,,,,
0021500250,224,2,1,2,6:54 PM,3:13,,,MISS Teletovic 24' 3PT Jump Shot,,,5,203141,Mirza Teletovic,1610612756.0,Phoenix,Suns,PHX,0,0,,,,,,0,0,,,,,
0021500250,225,4,0,2,6:54 PM,3:12,Lowry REBOUND (Off:0 Def:4),,,,,4,200768,Kyle Lowry,1610612761.0,Toronto,Raptors,TOR,0,0,,,,,,0,0,,,,,
0021500250,226,1,46,2,6:55 PM,3:06,Carroll 25' 3PT Running Jump Shot (9 PTS) (Lowry 2 AST),,,45 - 39,-6,4,201960,DeMarre Carroll,1610612761.0,Toronto,Raptors,TOR,4,200768,Kyle Lowry,1610612761.0,Toronto,Raptors,TOR,0,0,,,,,
0021500250,227,9,1,2,6:55 PM,3:01,,,Suns Timeout: Regular (Reg.2 Short 0),,,3,1610612756,,,,,,0,0,,,,,,0,0,,,,,
0021500250,229,8,0,2,6:57 PM,3:01,,,SUB: Mark Morris FOR Teletovic,,,5,203141,Mirza Teletovic,1610612756.0,Phoenix,Suns,PHX,5,202693,Markieff Morris,1610612756.0,Phoenix,Suns,PHX,0,0,,,,,
0021500250,230,1,101,2,6:57 PM,2:48,,,Knight 10' Driving Floating Jump Shot (6 PTS),47 - 39,-8,5,202688,Brandon Knight,1610612756.0,Phoenix,Suns,PHX,0,0,,,,,,0,0,,,,,
0021500250,231,6,2,2,6:58 PM,2:34,,,Mark Morris S.FOUL (P2.T3) (K.Lane),,,5,202693,Markieff Morris,1610612756.0,Phoenix,Suns,PHX,4,201942,DeMar DeRozan,1610612761.0,Toronto,Raptors,TOR,1,0,,,,,
0021500250,232,3,11,2,6:58 PM,2:34,DeRozan Free Throw 1 of 2 (14 PTS),,,47 - 40,-7,4,201942,DeMar DeRozan,1610612761.0,Toronto,Raptors,TOR,0,0,,,,,,0,0,,,,,
0021500250,234,3,12,2,6:58 PM,2:34,DeRozan Free Throw 2 of 2 (15 PTS),,,47 - 41,-6,4,201942,DeMar DeRozan,1610612761.0,Toronto,Raptors,TOR,0,0,,,,,,0,0,,,,,
0021500250,236,2,79,2,6:59 PM,2:10,,,MISS Bledsoe 17' Pullup Jump Shot,,,5,202339,Eric Bledsoe,1610612756.0,Phoenix,Suns,PHX,0,0,,,,,,0,0,,,,,
0021500250,237,4,0,2,6:59 PM,2:09,DeRozan REBOUND (Off:0 Def:2),,,,,4,201942,DeMar DeRozan,1610612761.0,Toronto,Raptors,TOR,0,0,,,,,,0,0,,,,,
0021500250,238,1,1,2,6:59 PM,2:03,Carroll 26' 3PT Jump Shot (12 PTS) (DeRozan 5 AST),,,47 - 44,-3,4,201960,DeMarre Carroll,1610612761.0,Toronto,Raptors,TOR,4,201942,DeMar DeRozan,1610612761.0,Toronto,Raptors,TOR,0,0,,,,,
0021500250,239,2,78,2,6:59 PM,1:52,,,MISS Knight 25' 3PT Floating Jump Shot,,,5,202688,Brandon Knight,1610612756.0,Phoenix,Suns,PHX,0,0,,,,,,0,0,,,,,
0021500250,240,4,0,2,6:59 PM,1:51,Biyombo REBOUND (Off:2 Def:3),,,,,4,202687,Bismack Biyombo,1610612761.0,Toronto,Raptors,TOR,0,0,,,,,,0,0,,,,,
0021500250,241,1,1,2,6:59 PM,1:36,Lowry 25' 3PT Jump Shot (12 PTS) (Carroll 2 AST),,,47 - 47,TIE,4,200768,Kyle Lowry,1610612761.0,Toronto,Raptors,TOR,4,201960,DeMarre Carroll,1610612761.0,Toronto,Raptors,TOR,0,0,,,,,
0021500250,242,2,66,2,7:00 PM,1:17,,,MISS Mark Morris 3' Jump Bank Shot,,,5,202693,Markieff Morris,1610612756.0,Phoenix,Suns,PHX,0,0,,,,,,0,0,,,,,
0021500250,243,4,0,2,7:00 PM,1:16,DeRozan REBOUND (Off:0 Def:3),,,,,4,201942,DeMar DeRozan,1610612761.0,Toronto,Raptors,TOR,0,0,,,,,,0,0,,,,,
0021500250,244,1,41,2,7:00 PM,1:09,DeRozan 2' Running Layup (17 PTS),,,47 - 49,2,4,201942,DeMar DeRozan,1610612761.0,Toronto,Raptors,TOR,0,0,,,,,,0,0,,,,,
0021500250,245,1,1,2,7:00 PM,0:51,,,Bledsoe 17' Jump Shot (7 PTS),49 - 49,TIE,5,202339,Eric Bledsoe,1610612756.0,Phoenix,Suns,PHX,0,0,,,,,,0,0,,,,,
0021500250,246,6,4,2,7:00 PM,0:43,Biyombo OFF.Foul (P2) (K.Lane),,,,,4,202687,Bismack Biyombo,1610612761.0,Toronto,Raptors,TOR,5,200782,PJ Tucker,1610612756.0,Phoenix,Suns,PHX,1,0,,,,,
0021500250,247,5,5,2,7:00 PM,0:43,Biyombo Foul Turnover (P3.T6),,,,,4,202687,Bismack Biyombo,1610612761.0,Toronto,Raptors,TOR,0,0,,,,,,1,0,,,,,
0021500250,249,6,2,2,7:01 PM,0:31,Lowry S.FOUL (P1.T3) (K.Lane),,,,,4,200768,Kyle Lowry,1610612761.0,Toronto,Raptors,TOR,5,202339,Eric Bledsoe,1610612756.0,Phoenix,Suns,PHX,1,0,,,,,
0021500250,250,3,11,2,7:01 PM,0:31,,,Bledsoe Free Throw 1 of 2 (8 PTS),50 - 49,-1,5,202339,Eric Bledsoe,1610612756.0,Phoenix,Suns,PHX,0,0,,,,,,0,0,,,,,
0021500250,252,8,0,2,7:01 PM,0:31,,,SUB: Price FOR Mark Morris,,,5,202693,Markieff Morris,1610612756.0,Phoenix,Suns,PHX,5,101179,Ronnie Price,1610612756.0,Phoenix,Suns,PHX,0,0,,,,,
0021500250,253,8,0,2,7:01 PM,0:31,SUB: Scola FOR Biyombo,,,,,4,202687,Bismack Biyombo,1610612761.0,Toronto,Raptors,TOR,4,2449,Luis Scola,1610612761.0,Toronto,Raptors,TOR,0,0,,,,,
0021500250,254,8,0,2,7:01 PM,0:31,,,SUB: Leuer FOR Len,,,5,203458,Alex Len,1610612756.0,Phoenix,Suns,PHX,5,202720,Jon Leuer,1610612756.0,Phoenix,Suns,PHX,0,0,,,,,
0021500250,255,3,12,2,7:02 PM,0:31,,,Bledsoe Free Throw 2 of 2 (9 PTS),51 - 49,-2,5,202339,Eric Bledsoe,1610612756.0,Phoenix,Suns,PHX,0,0,,,,,,0,0,,,,,
0021500250,258,2,63,2,7:02 PM,0:07,MISS Lowry 25' 3PT Fadeaway Jumper,,,,,4,200768,Kyle Lowry,1610612761.0,Toronto,Raptors,TOR,0,0,,,,,,0,0,,,,,
0021500250,259,4,0,2,7:02 PM,0:07,RAPTORS Rebound,,,,,2,1610612761,,,,,,0,0,,,,,,0,0,,,,,
0021500250,260,5,11,2,7:02 PM,0:07,RAPTORS Turnover: Shot Clock (T#7),,,,,2,1610612761,,,,,,0,0,,,,,,1,0,,,,,
0021500250,261,8,0,2,7:02 PM,0:07,SUB: Biyombo FOR Scola,,,,,4,2449,Luis Scola,1610612761.0,Toronto,Raptors,TOR,4,202687,Bismack Biyombo,1610612761.0,Toronto,Raptors,TOR,0,0,,,,,
0021500250,262,9,2,2,7:03 PM,0:07,,,Suns Timeout: Short (Reg.2 Short 1),,,3,1610612756,,,,,,0,0,,,,,,0,0,,,,,
0021500250,265,8,0,2,7:04 PM,0:07,,,SUB: Teletovic FOR Tucker,,,5,200782,PJ Tucker,1610612756.0,Phoenix,Suns,PHX,5,203141,Mirza Teletovic,1610612756.0,Phoenix,Suns,PHX,0,0,,,,,
0021500250,266,6,2,2,7:04 PM,0:01,DeRozan S.FOUL (P2.PN) (D.Stafford),,,,,4,201942,DeMar DeRozan,1610612761.0,Toronto,Raptors,TOR,5,202720,Jon Leuer,1610612756.0,Phoenix,Suns,PHX,1,0,,,,,
0021500250,267,3,11,2,7:04 PM,0:01,,,Leuer Free Throw 1 of 2 (9 PTS),52 - 49,-3,5,202720,Jon Leuer,1610612756.0,Phoenix,Suns,PHX,0,0,,,,,,0,0,,,,,
0021500250,269,3,12,2,7:04 PM,0:01,,,Leuer Free Throw 2 of 2 (10 PTS),53 - 49,-4,5,202720,Jon Leuer,1610612756.0,Phoenix,Suns,PHX,0,0,,,,,,0,0,,,,,
0021500250,271,13,0,2,7:05 PM,0:00,,,,53 - 49,-4,0,0,,,,,,0,0,,,,,,0,0,,,,,
0021500250,273,12,0,3,7:21 PM,12:00,,,,53 - 49,-4,0,0,,,,,,0,0,,,,,,0,0,,,,,
0021500250,274,1,79,3,7:21 PM,11:42,,,Bledsoe 7' Pullup Jump Shot (11 PTS),55 - 49,-6,5,202339,Eric Bledsoe,1610612756.0,Phoenix,Suns,PHX,0,0,,,,,,0,0,,,,,
0021500250,275,6,2,3,7:21 PM,11:25,,,Mark Morris S.FOUL (P3.T1) (P.Fraher),,,5,202693,Markieff Morris,1610612756.0,Phoenix,Suns,PHX,4,2449,Luis Scola,1610612761.0,Toronto,Raptors,TOR,1,0,,,,,
0021500250,276,3,11,3,7:22 PM,11:25,Scola Free Throw 1 of 2 (3 PTS),,,55 - 50,-5,4,2449,Luis Scola,1610612761.0,Toronto,Raptors,TOR,0,0,,,,,,0,0,,,,,
0021500250,278,3,12,3,7:22 PM,11:25,MISS Scola Free Throw 2 of 2,,,,,4,2449,Luis Scola,1610612761.0,Toronto,Raptors,TOR,0,0,,,,,,0,0,,,,,
0021500250,280,4,0,3,7:22 PM,11:23,,,Len REBOUND (Off:0 Def:4),,,5,203458,Alex Len,1610612756.0,Phoenix,Suns,PHX,0,0,,,,,,0,0,,,,,
0021500250,281,1,3,3,7:22 PM,11:07,,,Len 7' Hook Shot (8 PTS) (Bledsoe 5 AST),57 - 50,-7,5,203458,Alex Len,1610612756.0,Phoenix,Suns,PHX,5,202339,Eric Bledsoe,1610612756.0,Phoenix,Suns,PHX,0,0,,,,,
0021500250,282,2,1,3,7:22 PM,10:50,MISS Lowry 24' 3PT Jump Shot,,,,,4,200768,Kyle Lowry,1610612761.0,Toronto,Raptors,TOR,0,0,,,,,,0,0,,,,,
0021500250,283,4,0,3,7:23 PM,10:49,,,Bledsoe REBOUND (Off:0 Def:2),,,5,202339,Eric Bledsoe,1610612756.0,Phoenix,Suns,PHX,0,0,,,,,,0,0,,,,,
0021500250,284,5,2,3,7:23 PM,10:47,Lowry STEAL (1 STL),,Bledsoe Lost Ball Turnover (P1.T4),,,5,202339,Eric Bledsoe,1610612756.0,Phoenix,Suns,PHX,4,200768,Kyle Lowry,1610612761.0,Toronto,Raptors,TOR,0,0,,,,,
0021500250,285,2,79,3,7:23 PM,10:36,MISS DeRozan 20' Pullup Jump Shot,,,,,4,201942,DeMar DeRozan,1610612761.0,Toronto,Raptors,TOR,0,0,,,,,,0,0,,,,,
0021500250,286,4,0,3,7:23 PM,10:34,,,Mark Morris REBOUND (Off:2 Def:6),,,5,202693,Markieff Morris,1610612756.0,Phoenix,Suns,PHX,0,0,,,,,,0,0,,,,,
0021500250,287,1,79,3,7:23 PM,10:23,,,Mark Morris 18' Pullup Jump Shot (4 PTS) (Bledsoe 6 AST),59 - 50,-9,5,202693,Markieff Morris,1610612756.0,Phoenix,Suns,PHX,5,202339,Eric Bledsoe,1610612756.0,Phoenix,Suns,PHX,0,0,,,,,
0021500250,288,1,101,3,7:23 PM,10:06,Carroll 11' Driving Floating Jump Shot (14 PTS),,,59 - 52,-7,4,201960,DeMarre Carroll,1610612761.0,Toronto,Raptors,TOR,0,0,,,,,,0,0,,,,,
0021500250,289,2,57,3,7:24 PM,9:49,,,MISS Knight 7' Driving Hook Shot,,,5,202688,Brandon Knight,1610612756.0,Phoenix,Suns,PHX,0,0,,,,,,0,0,,,,,
0021500250,290,4,0,3,7:24 PM,9:48,Scola REBOUND (Off:0 Def:4),,,,,4,2449,Luis Scola,1610612761.0,Toronto,Raptors,TOR,0,0,,,,,,0,0,,,,,
0021500250,291,1,108,3,7:24 PM,9:29,Biyombo  Cutting Dunk Shot (2 PTS) (DeRozan 6 AST),,,59 - 54,-5,4,202687,Bismack Biyombo,1610612761.0,Toronto,Raptors,TOR,4,201942,DeMar DeRozan,1610612761.0,Toronto,Raptors,TOR,0,0,,,,,
0021500250,292,2,1,3,7:24 PM,9:05,,,MISS Mark Morris 26' 3PT Jump Shot,,,5,202693,Markieff Morris,1610612756.0,Phoenix,Suns,PHX,0,0,,,,,,0,0,,,,,
0021500250,293,4,0,3,7:24 PM,9:04,Carroll REBOUND (Off:1 Def:5),,,,,4,201960,DeMarre Carroll,1610612761.0,Toronto,Raptors,TOR,0,0,,,,,,0,0,,,,,
0021500250,294,2,46,3,7:24 PM,8:56,MISS DeRozan  3PT Running Jump Shot,,,,,4,201942,DeMar DeRozan,1610612761.0,Toronto,Raptors,TOR,0,0,,,,,,0,0,,,,,
0021500250,295,4,0,3,7:24 PM,8:55,,,Bledsoe REBOUND (Off:0 Def:3),,,5,202339,Eric Bledsoe,1610612756.0,Phoenix,Suns,PHX,0,0,,,,,,0,0,,,,,
0021500250,296,6,1,3,7:25 PM,8:53,Carroll P.FOUL (P2.T1) (K.Lane),,,,,4,201960,DeMarre Carroll,1610612761.0,Toronto,Raptors,TOR,5,202339,Eric Bledsoe,1610612756.0,Phoenix,Suns,PHX,1,0,,,,,
0021500250,298,2,1,3,7:25 PM,8:45,,,MISS Len 17' Jump Shot,,,5,203458,Alex Len,1610612756.0,Phoenix,Suns,PHX,0,0,,,,,,0,0,,,,,
0021500250,299,4,0,3,7:25 PM,8:45,,,Suns Rebound,,,3,1610612756,,,,,,0,0,,,,,,0,0,,,,,
0021500250,300,7,5,3,7:26 PM,8:39,Biyombo Violation:Kicked Ball (D.Stafford),,,,,4,202687,Bismack Biyombo,1610612761.0,Toronto,Raptors,TOR,0,0,,,,,,1,0,,,,,
0021500250,301,2,1,3,7:26 PM,8:31,DeRozan BLOCK (1 BLK),,MISS Bledsoe 20' Jump Shot,,,5,202339,Eric Bledsoe,1610612756.0,Phoenix,Suns,PHX,0,0,,,,,,4,201942,DeMar DeRozan,1610612761.0,Toronto,Raptors,TOR
0021500250,302,4,0,3,7:26 PM,8:30,,,Len REBOUND (Off:1 Def:4),,,5,203458,Alex Len,1610612756.0,Phoenix,Suns,PHX,0,0,,,,,,0,0,,,,,
0021500250,303,1,1,3,7:26 PM,8:24,,,Knight 15' Jump Shot (8 PTS) (Bledsoe 7 AST),61 - 54,-7,5,202688,Brandon Knight,1610612756.0,Phoenix,Suns,PHX,5,202339,Eric Bledsoe,1610612756.0,Phoenix,Suns,PHX,0,0,,,,,
0021500250,304,6,1,3,7:26 PM,8:13,,,Bledsoe P.FOUL (P3.T2) (D.Stafford),,,5,202339,Eric Bledsoe,1610612756.0,Phoenix,Suns,PHX,4,200768,Kyle Lowry,1610612761.0,Toronto,Raptors,TOR,1,0,,,,,
0021500250,305,1,81,3,7:27 PM,8:05,DeRozan 16' Pullup Bank Shot (19 PTS),,,61 - 56,-5,4,201942,DeMar DeRozan,1610612761.0,Toronto,Raptors,TOR,0,0,,,,,,0,0,,,,,
0021500250,306,6,26,3,7:27 PM,7:54,,,Mark Morris Offensive Charge Foul (P4.T3) (D.Stafford),,,5,202693,Markieff Morris,1610612756.0,Phoenix,Suns,PHX,4,2449,Luis Scola,1610612761.0,Toronto,Raptors,TOR,1,0,,,,,
0021500250,307,5,5,3,7:27 PM,7:54,,,Mark Morris Foul Turnover (P2.T5),,,5,202693,Markieff Morris,1610612756.0,Phoenix,Suns,PHX,0,0,,,,,,1,0,,,,,
0021500250,308,8,0,3,7:27 PM,7:54,,,SUB: Leuer FOR Mark Morris,,,5,202693,Markieff Morris,1610612756.0,Phoenix,Suns,PHX,5,202720,Jon Leuer,1610612756.0,Phoenix,Suns,PHX,0,0,,,,,
0021500250,311,1,1,3,7:28 PM,7:30,Scola 24' 3PT Jump Shot (6 PTS) (Lowry 3 AST),,,61 - 59,-2,4,2449,Luis Scola,1610612761.0,Toronto,Raptors,TOR,4,200768,Kyle Lowry,1610612761.0,Toronto,Raptors,TOR,0,0,,,,,
0021500250,312,2,1,3,7:28 PM,7:12,,,MISS Tucker 25' 3PT Jump Shot,,,5,200782,PJ Tucker,1610612756.0,Phoenix,Suns,PHX,0,0,,,,,,0,0,,,,,
0021500250,313,4,0,3,7:28 PM,7:10,Lowry REBOUND (Off:0 Def:5),,,,,4,200768,Kyle Lowry,1610612761.0,Toronto,Raptors,TOR,0,0,,,,,,0,0,,,,,
0021500250,314,1,103,3,7:28 PM,7:02,Lowry 8' Running Pull-Up Jump Shot (14 PTS),,,61 - 61,TIE,4,200768,Kyle Lowry,1610612761.0,Toronto,Raptors,TOR,0,0,,,,,,0,0,,,,,
0021500250,316,9,1,3,7:29 PM,7:02,,,Suns Timeout: Regular (Reg.3 Short 1),,,3,1610612756,,,,,,0,0,,,,,,0,0,,,,,
0021500250,319,6,2,3,7:31 PM,6:45,DeRozan S.FOUL (P3.T2) (K.Lane),,,,,4,201942,DeMar DeRozan,1610612761.0,Toronto,Raptors,TOR,5,202339,Eric Bledsoe,1610612756.0,Phoenix,Suns,PHX,1,0,,,,,
0021500250,320,3,11,3,7:32 PM,6:45,,,Bledsoe Free Throw 1 of 2 (12 PTS),62 - 61,-1,5,202339,Eric Bledsoe,1610612756.0,Phoenix,Suns,PHX,0,0,,,,,,0,0,,,,,
0021500250,322,3,12,3,7:32 PM,6:45,,,Bledsoe Free Throw 2 of 2 (13 PTS),63 - 61,-2,5,202339,Eric Bledsoe,1610612756.0,Phoenix,Suns,PHX,0,0,,,,,,0,0,,,,,
0021500250,324,1,79,3,7:32 PM,6:32,DeRozan 16' Pullup Jump Shot (21 PTS),,,63 - 63,TIE,4,201942,DeMar DeRozan,1610612761.0,Toronto,Raptors,TOR,0,0,,,,,,0,0,,,,,
0021500250,325,1,1,3,7:32 PM,6:13,,,Knight 25' 3PT Jump Shot (11 PTS) (Len 1 AST),66 - 63,-3,5,202688,Brandon Knight,1610612756.0,Phoenix,Suns,PHX,5,203458,Alex Len,1610612756.0,Phoenix,Suns,PHX,0,0,,,,,
0021500250,326,1,79,3,7:33 PM,6:00,DeRozan 18' Pullup Jump Shot (23 PTS),,,66 - 65,-1,4,201942,DeMar DeRozan,1610612761.0,Toronto,Raptors,TOR,0,0,,,,,,0,0,,,,,
0021500250,327,1,42,3,7:33 PM,5:45,,,Tucker 2' Driving Layup (2 PTS) (Bledsoe 8 AST),68 - 65,-3,5,200782,PJ Tucker,1610612756.0,Phoenix,Suns,PHX,5,202339,Eric Bledsoe,1610612756.0,Phoenix,Suns,PHX,0,0,,,,,
0021500250,328,6,1,3,7:33 PM,5:28,,,Tucker P.FOUL (P3.T4) (D.Stafford),,,5,200782,PJ Tucker,1610612756.0,Phoenix,Suns,PHX,4,201942,DeMar DeRozan,1610612761.0,Toronto,Raptors,TOR,1,0,,,,,
0021500250,329,8,0,3,7:34 PM,5:28,,,SUB: Warren FOR Tucker,,,5,200782,PJ Tucker,1610612756.0,Phoenix,Suns,PHX,5,203933,TJ Warren,1610612756.0,Phoenix,Suns,PHX,0,0,,,,,
0021500250,330,8,0,3,7:34 PM,5:28,,,SUB: Price FOR Bledsoe,,,5,202339,Eric Bledsoe,1610612756.0,Phoenix,Suns,PHX,5,101179,Ronnie Price,1610612756.0,Phoenix,Suns,PHX,0,0,,,,,
0021500250,331,5,11,3,7:34 PM,5:14,RAPTORS Turnover: Shot Clock (T#8),,,,,2,1610612761,,,,,,0,0,,,,,,1,0,,,,,
0021500250,333,1,79,3,7:35 PM,4:59,,,Leuer 8' Pullup Jump Shot (12 PTS),70 - 65,-5,5,202720,Jon Leuer,1610612756.0,Phoenix,Suns,PHX,0,0,,,,,,0,0,,,,,
0021500250,334,1,1,3,7:35 PM,4:33,Scola 25' 3PT Jump Shot (9 PTS) (DeRozan 7 AST),,,70 - 68,-2,4,2449,Luis Scola,1610612761.0,Toronto,Raptors,TOR,4,201942,DeMar DeRozan,1610612761.0,Toronto,Raptors,TOR,0,0,,,,,
0021500250,335,1,49,3,7:35 PM,4:09,,,Leuer  Driving Dunk (14 PTS) (Knight 3 AST),72 - 68,-4,5,202720,Jon Leuer,1610612756.0,Phoenix,Suns,PHX,5,202688,Brandon Knight,1610612756.0,Phoenix,Suns,PHX,0,0,,,,,
0021500250,336,9,1,3,7:36 PM,4:01,RAPTORS Timeout: Regular (Full 3 Short 0),,,,,2,1610612761,,,,,,0,0,,,,,,0,0,,,,,
0021500250,337,8,0,3,7:38 PM,4:01,SUB: Joseph FOR Carroll,,,,,4,201960,DeMarre Carroll,1610612761.0,Toronto,Raptors,TOR,4,202709,Cory Joseph,1610612761.0,Toronto,Raptors,TOR,0,0,,,,,
0021500250,338,8,0,3,7:38 PM,4:01,SUB: Patterson FOR Scola,,,,,4,2449,Luis Scola,1610612761.0,Toronto,Raptors,TOR,4,202335,Patrick Patterson,1610612761.0,Toronto,Raptors,TOR,0,0,,,,,
0021500250,340,2,101,3,7:38 PM,3:47,MISS Patterson 11' Driving Floating Jump Shot,,,,,4,202335,Patrick Patterson,1610612761.0,Toronto,Raptors,TOR,0,0,,,,,,0,0,,,,,
0021500250,341,4,0,3,7:38 PM,3:47,,,Leuer REBOUND (Off:0 Def:3),,,5,202720,Jon Leuer,1610612756.0,Phoenix,Suns,PHX,0,0,,,,,,0,0,,,,,
0021500250,342,1,47,3,7:39 PM,3:29,,,Warren 13' Turnaround Jump Shot (8 PTS) (Knight 4 AST),74 - 68,-6,5,203933,TJ Warren,1610612756.0,Phoenix,Suns,PHX,5,202688,Brandon Knight,1610612756.0,Phoenix,Suns,PHX,0,0,,,,,
0021500250,343,2,42,3,7:39 PM,3:18,MISS DeRozan 3' Driving Layup,,Price BLOCK (1 BLK),,,4,201942,DeMar DeRozan,1610612761.0,Toronto,Raptors,TOR,0,0,,,,,,5,101179,Ronnie Price,1610612756.0,Phoenix,Suns,PHX
0021500250,344,4,0,3,7:39 PM,3:18,RAPTORS Rebound,,,,,2,1610612761,,,,,,0,0,,,,,,0,0,,,,,
0021500250,345,2,1,3,7:39 PM,3:02,MISS Biyombo 11' Jump Shot,,,,,4,202687,Bismack Biyombo,1610612761.0,Toronto,Raptors,TOR,0,0,,,,,,0,0,,,,,
0021500250,346,4,0,3,7:39 PM,3:02,,,Leuer REBOUND (Off:0 Def:4),,,5,202720,Jon Leuer,1610612756.0,Phoenix,Suns,PHX,0,0,,,,,,0,0,,,,,
0021500250,347,1,103,3,7:39 PM,2:56,,,Knight 25' 3PT Running Pull-Up Jump Shot (14 PTS),77 - 68,-9,5,202688,Brandon Knight,1610612756.0,Phoenix,Suns,PHX,0,0,,,,,,0,0,,,,,
0021500250,348,2,42,3,7:40 PM,2:29,MISS Joseph 4' Driving Layup,,Warren BLOCK (2 BLK),,,4,202709,Cory Joseph,1610612761.0,Toronto,Raptors,TOR,0,0,,,,,,5,203933,TJ Warren,1610612756.0,Phoenix,Suns,PHX
0021500250,349,4,0,3,7:40 PM,2:29,RAPTORS Rebound,,,,,2,1610612761,,,,,,0,0,,,,,,0,0,,,,,
0021500250,350,2,79,3,7:40 PM,2:22,MISS Lowry 21' Pullup Jump Shot,,,,,4,200768,Kyle Lowry,1610612761.0,Toronto,Raptors,TOR,0,0,,,,,,0,0,,,,,
0021500250,351,4,0,3,7:40 PM,2:21,,,Warren REBOUND (Off:2 Def:4),,,5,203933,TJ Warren,1610612756.0,Phoenix,Suns,PHX,0,0,,,,,,0,0,,,,,
0021500250,352,2,1,3,7:40 PM,2:13,,,MISS Warren 3' Jump Shot,,,5,203933,TJ Warren,1610612756.0,Phoenix,Suns,PHX,0,0,,,,,,0,0,,,,,
0021500250,353,4,0,3,7:40 PM,2:12,,,Len REBOUND (Off:2 Def:4),,,5,203458,Alex Len,1610612756.0,Phoenix,Suns,PHX,0,0,,,,,,0,0,,,,,
0021500250,354,2,107,3,7:41 PM,2:10,,,MISS Len 1' Tip Dunk Shot,,,5,203458,Alex Len,1610612756.0,Phoenix,Suns,PHX,0,0,,,,,,0,0,,,,,
0021500250,355,4,0,3,7:41 PM,2:09,Lowry REBOUND (Off:0 Def:6),,,,,4,200768,Kyle Lowry,1610612761.0,Toronto,Raptors,TOR,0,0,,,,,,0,0,,,,,
0021500250,356,5,2,3,7:41 PM,2:08,Lowry Lost Ball Turnover (P3.T9),,Knight STEAL (2 STL),,,4,200768,Kyle Lowry,1610612761.0,Toronto,Raptors,TOR,5,202688,Brandon Knight,1610612756.0,Phoenix,Suns,PHX,0,0,,,,,
0021500250,357,2,57,3,7:41 PM,2:02,,,MISS Len 3' Driving Hook Shot,,,5,203458,Alex Len,1610612756.0,Phoenix,Suns,PHX,0,0,,,,,,0,0,,,,,
0021500250,358,4,0,3,7:41 PM,2:00,Patterson REBOUND (Off:0 Def:2),,,,,4,202335,Patrick Patterson,1610612761.0,Toronto,Raptors,TOR,0,0,,,,,,0,0,,,,,
0021500250,359,2,1,3,7:41 PM,1:41,MISS DeRozan 24' 3PT Jump Shot,,,,,4,201942,DeMar DeRozan,1610612761.0,Toronto,Raptors,TOR,0,0,,,,,,0,0,,,,,
0021500250,360,4,0,3,7:41 PM,1:40,,,Warren REBOUND (Off:2 Def:5),,,5,203933,TJ Warren,1610612756.0,Phoenix,Suns,PHX,0,0,,,,,,0,0,,,,,
0021500250,362,2,1,3,7:41 PM,1:30,,,MISS Knight 25' 3PT Jump Shot,,,5,202688,Brandon Knight,1610612756.0,Phoenix,Suns,PHX,0,0,,,,,,0,0,,,,,
0021500250,363,4,0,3,7:41 PM,1:29,Biyombo REBOUND (Off:2 Def:4),,,,,4,202687,Bismack Biyombo,1610612761.0,Toronto,Raptors,TOR,0,0,,,,,,0,0,,,,,
0021500250,365,8,0,3,7:42 PM,1:16,,,SUB: Teletovic FOR Len,,,5,203458,Alex Len,1610612756.0,Phoenix,Suns,PHX,5,203141,Mirza Teletovic,1610612756.0,Phoenix,Suns,PHX,0,0,,,,,
0021500250,366,8,0,3,7:42 PM,1:16,SUB: Ross FOR Lowry,,,,,4,200768,Kyle Lowry,1610612761.0,Toronto,Raptors,TOR,4,203082,Terrence Ross,1610612761.0,Toronto,Raptors,TOR,0,0,,,,,
0021500250,367,8,0,3,7:42 PM,1:16,SUB: Johnson FOR Biyombo,,,,,4,202687,Bismack Biyombo,1610612761.0,Toronto,Raptors,TOR,4,201949,James Johnson,1610612761.0,Toronto,Raptors,TOR,0,0,,,,,
0021500250,368,10,0,3,7:42 PM,1:15,Jump Ball DeRozan vs. Knight: Tip to Joseph,,,,,4,201942,DeMar DeRozan,1610612761.0,Toronto,Raptors,TOR,5,202688,Brandon Knight,1610612756.0,Phoenix,Suns,PHX,4,202709,Cory Joseph,1610612761.0,Toronto,Raptors,TOR
0021500250,369,1,80,3,7:43 PM,1:07,Joseph 14' Step Back Jump Shot (2 PTS),,,77 - 70,-7,4,202709,Cory Joseph,1610612761.0,Toronto,Raptors,TOR,0,0,,,,,,0,0,,,,,
0021500250,371,1,49,3,7:43 PM,0:55,,,Leuer  Driving Dunk (16 PTS),79 - 70,-9,5,202720,Jon Leuer,1610612756.0,Phoenix,Suns,PHX,0,0,,,,,,0,0,,,,,
0021500250,372,2,1,3,7:43 PM,0:37,MISS Ross 21' Jump Shot,,Warren BLOCK (3 BLK),,,4,203082,Terrence Ross,1610612761.0,Toronto,Raptors,TOR,0,0,,,,,,5,203933,TJ Warren,1610612756.0,Phoenix,Suns,PHX
0021500250,373,4,0,3,7:43 PM,0:35,,,Warren REBOUND (Off:2 Def:6),,,5,203933,TJ Warren,1610612756.0,Phoenix,Suns,PHX,0,0,,,,,,0,0,,,,,
0021500250,374,2,41,3,7:43 PM,0:32,,,MISS Warren 1' Running Layup,,,5,203933,TJ Warren,1610612756.0,Phoenix,Suns,PHX,0,0,,,,,,0,0,,,,,
0021500250,375,4,0,3,7:43 PM,0:32,,,Knight REBOUND (Off:2 Def:3),,,5,202688,Brandon Knight,1610612756.0,Phoenix,Suns,PHX,0,0,,,,,,0,0,,,,,
0021500250,376,1,72,3,7:43 PM,0:29,,,Knight 3' Putback Layup (16 PTS),81 - 70,-11,5,202688,Brandon Knight,1610612756.0,Phoenix,Suns,PHX,0,0,,,,,,0,0,,,,,
0021500250,377,1,73,3,7:43 PM,0:18,DeRozan 2' Driving Reverse Layup (25 PTS),,,81 - 72,-9,4,201942,DeMar DeRozan,1610612761.0,Toronto,Raptors,TOR,0,0,,,,,,0,0,,,,,
0021500250,378,2,1,3,7:44 PM,0:02,,,MISS Knight 26' 3PT Jump Shot,,,5,202688,Brandon Knight,1610612756.0,Phoenix,Suns,PHX,0,0,,,,,,0,0,,,,,
0021500250,379,4,0,3,7:44 PM,0:02,Ross REBOUND (Off:0 Def:1),,,,,4,203082,Terrence Ross,1610612761.0,Toronto,Raptors,TOR,0,0,,,,,,0,0,,,,,
0021500250,380,2,103,3,7:44 PM,0:00,MISS Ross 51' 3PT Running Pull-Up Jump Shot,,,,,4,203082,Terrence Ross,1610612761.0,Toronto,Raptors,TOR,0,0,,,,,,0,0,,,,,
0021500250,381,4,0,3,7:44 PM,0:00,RAPTORS Rebound,,,,,2,1610612761,,,,,,0,0,,,,,,0,0,,,,,
0021500250,382,13,0,3,7:44 PM,0:00,,,,81 - 72,-9,0,0,,,,,,0,0,,,,,,0,0,,,,,
0021500250,384,12,0,4,7:47 PM,12:00,,,,81 - 72,-9,0,0,,,,,,0,0,,,,,,0,0,,,,,
0021500250,385,2,1,4,7:47 PM,11:36,MISS Johnson 21' Jump Shot,,,,,4,201949,James Johnson,1610612761.0,Toronto,Raptors,TOR,0,0,,,,,,0,0,,,,,
0021500250,386,4,0,4,7:47 PM,11:35,,,Teletovic REBOUND (Off:0 Def:1),,,5,203141,Mirza Teletovic,1610612756.0,Phoenix,Suns,PHX,0,0,,,,,,0,0,,,,,
0021500250,387,1,44,4,7:47 PM,11:10,,,Warren 2' Reverse Layup (10 PTS) (Leuer 1 AST),83 - 72,-11,5,203933,TJ Warren,1610612756.0,Phoenix,Suns,PHX,5,202720,Jon Leuer,1610612756.0,Phoenix,Suns,PHX,0,0,,,,,
0021500250,388,1,5,4,7:48 PM,10:45,Joseph 2' Layup (4 PTS),,,83 - 74,-9,4,202709,Cory Joseph,1610612761.0,Toronto,Raptors,TOR,0,0,,,,,,0,0,,,,,
0021500250,389,5,1,4,7:48 PM,10:27,Carroll STEAL (1 STL),,Price Bad Pass Turnover (P2.T6),,,5,101179,Ronnie Price,1610612756.0,Phoenix,Suns,PHX,4,201960,DeMarre Carroll,1610612761.0,Toronto,Raptors,TOR,0,0,,,,,
0021500250,390,1,76,4,7:48 PM,10:24,Carroll 1' Running Finger Roll Layup (16 PTS),,,83 - 76,-7,4,201960,DeMarre Carroll,1610612761.0,Toronto,Raptors,TOR,0,0,,,,,,0,0,,,,,
0021500250,391,6,2,4,7:48 PM,10:24,,,Price S.FOUL (P1.T1) (P.Fraher),,,5,101179,Ronnie Price,1610612756.0,Phoenix,Suns,PHX,4,201960,DeMarre Carroll,1610612761.0,Toronto,Raptors,TOR,1,0,,,,,
0021500250,392,3,10,4,7:49 PM,10:24,MISS Carroll Free Throw 1 of 1,,,,,4,201960,DeMarre Carroll,1610612761.0,Toronto,Raptors,TOR,0,0,,,,,,0,0,,,,,
0021500250,394,4,0,4,7:49 PM,10:24,Patterson REBOUND (Off:1 Def:2),,,,,4,202335,Patrick Patterson,1610612761.0,Toronto,Raptors,TOR,0,0,,,,,,0,0,,,,,
0021500250,395,2,97,4,7:49 PM,10:20,MISS Patterson 3' Tip Layup Shot,,,,,4,202335,Patrick Patterson,1610612761.0,Toronto,Raptors,TOR,0,0,,,,,,0,0,,,,,
0021500250,396,4,0,4,7:49 PM,10:19,,,Warren REBOUND (Off:2 Def:7),,,5,203933,TJ Warren,1610612756.0,Phoenix,Suns,PHX,0,0,,,,,,0,0,,,,,
0021500250,397,2,1,4,7:49 PM,10:10,,,MISS Price  3PT Jump Shot,,,5,101179,Ronnie Price,1610612756.0,Phoenix,Suns,PHX,0,0,,,,,,0,0,,,,,
0021500250,398,4,0,4,7:49 PM,10:09,Joseph REBOUND (Off:1 Def:4),,,,,4,202709,Cory Joseph,1610612761.0,Toronto,Raptors,TOR,0,0,,,,,,0,0,,,,,
0021500250,400,2,1,4,7:49 PM,9:50,MISS Patterson 25' 3PT Jump Shot,,,,,4,202335,Patrick Patterson,1610612761.0,Toronto,Raptors,TOR,0,0,,,,,,0,0,,,,,
0021500250,401,4,0,4,7:49 PM,9:49,RAPTORS Rebound,,,,,2,1610612761,,,,,,0,0,,,,,,0,0,,,,,
0021500250,402,6,3,4,7:49 PM,9:49,,,Warren L.B.FOUL (P1.T2) (D.Stafford),,,5,203933,TJ Warren,1610612756.0,Phoenix,Suns,PHX,4,201949,James Johnson,1610612761.0,Toronto,Raptors,TOR,1,0,,,,,
0021500250,403,2,1,4,7:50 PM,9:41,MISS Ross 25' 3PT Jump Shot,,,,,4,203082,Terrence Ross,1610612761.0,Toronto,Raptors,TOR,0,0,,,,,,0,0,,,,,
0021500250,404,4,0,4,7:50 PM,9:40,,,Bledsoe REBOUND (Off:0 Def:4),,,5,202339,Eric Bledsoe,1610612756.0,Phoenix,Suns,PHX,0,0,,,,,,0,0,,,,,
0021500250,405,5,2,4,7:50 PM,9:37,Carroll STEAL (2 STL),,Bledsoe Lost Ball Turnover (P2.T7),,,5,202339,Eric Bledsoe,1610612756.0,Phoenix,Suns,PHX,4,201960,DeMarre Carroll,1610612761.0,Toronto,Raptors,TOR,0,0,,,,,
0021500250,406,1,79,4,7:50 PM,9:20,Johnson 4' Pullup Jump Shot (6 PTS),,,83 - 78,-5,4,201949,James Johnson,1610612761.0,Toronto,Raptors,TOR,0,0,,,,,,0,0,,,,,
0021500250,407,1,1,4,7:51 PM,8:57,,,Teletovic 25' 3PT Jump Shot (17 PTS) (Leuer 2 AST),86 - 78,-8,5,203141,Mirza Teletovic,1610612756.0,Phoenix,Suns,PHX,5,202720,Jon Leuer,1610612756.0,Phoenix,Suns,PHX,0,0,,,,,
0021500250,408,1,1,4,7:51 PM,8:40,Patterson 25' 3PT Jump Shot (3 PTS) (Joseph 1 AST),,,86 - 81,-5,4,202335,Patrick Patterson,1610612761.0,Toronto,Raptors,TOR,4,202709,Cory Joseph,1610612761.0,Toronto,Raptors,TOR,0,0,,,,,
0021500250,409,1,1,4,7:51 PM,8:25,,,Teletovic 24' 3PT Jump Shot (20 PTS) (Bledsoe 9 AST),89 - 81,-8,5,203141,Mirza Teletovic,1610612756.0,Phoenix,Suns,PHX,5,202339,Eric Bledsoe,1610612756.0,Phoenix,Suns,PHX,0,0,,,,,
0021500250,410,1,1,4,7:51 PM,8:08,Patterson 24' 3PT Jump Shot (6 PTS) (Carroll 3 AST),,,89 - 84,-5,4,202335,Patrick Patterson,1610612761.0,Toronto,Raptors,TOR,4,201960,DeMarre Carroll,1610612761.0,Toronto,Raptors,TOR,0,0,,,,,
0021500250,411,6,1,4,7:52 PM,7:55,Ross P.FOUL (P1.T1) (K.Lane),,,,,4,203082,Terrence Ross,1610612761.0,Toronto,Raptors,TOR,5,101179,Ronnie Price,1610612756.0,Phoenix,Suns,PHX,1,0,,,,,
0021500250,413,9,4,4,7:52 PM,7:55,,,,,,1,0,,,,,,0,0,,,,,,0,0,,,,,
0021500250,416,2,66,4,7:55 PM,7:39,,,MISS Bledsoe 25' 3PT Jump Bank Shot,,,5,202339,Eric Bledsoe,1610612756.0,Phoenix,Suns,PHX,0,0,,,,,,0,0,,,,,
0021500250,417,4,0,4,7:55 PM,7:39,,,Suns Rebound,,,3,1610612756,,,,,,0,0,,,,,,0,0,,,,,
0021500250,418,5,11,4,7:55 PM,7:39,,,Suns Turnover: Shot Clock (T#8),,,3,1610612756,,,,,,0,0,,,,,,1,0,,,,,
0021500250,419,5,45,4,7:55 PM,7:30,Johnson Out of Bounds - Bad Pass Turnover Turnover (P1.T10),,,,,4,201949,James Johnson,1610612761.0,Toronto,Raptors,TOR,0,0,,,,,,1,0,,,,,
0021500250,420,8,0,4,7:55 PM,7:30,,,SUB: Knight FOR Price,,,5,101179,Ronnie Price,1610612756.0,Phoenix,Suns,PHX,5,202688,Brandon Knight,1610612756.0,Phoenix,Suns,PHX,0,0,,,,,
0021500250,421,2,47,4,7:56 PM,7:14,,,MISS Leuer 11' Turnaround Jump Shot,,,5,202720,Jon Leuer,1610612756.0,Phoenix,Suns,PHX,0,0,,,,,,0,0,,,,,
0021500250,422,4,0,4,7:56 PM,7:14,Johnson REBOUND (Off:0 Def:1),,,,,4,201949,James Johnson,1610612761.0,Toronto,Raptors,TOR,0,0,,,,,,0,0,,,,,
0021500250,423,1,58,4,7:56 PM,7:02,Joseph 4' Turnaround Hook Shot (6 PTS),,,89 - 86,-3,4,202709,Cory Joseph,1610612761.0,Toronto,Raptors,TOR,0,0,,,,,,0,0,,,,,
0021500250,424,1,98,4,7:56 PM,6:50,,,Warren 3' Cutting Layup Shot (12 PTS) (Bledsoe 10 AST),91 - 86,-5,5,203933,TJ Warren,1610612756.0,Phoenix,Suns,PHX,5,202339,Eric Bledsoe,1610612756.0,Phoenix,Suns,PHX,0,0,,,,,
0021500250,425,2,1,4,7:56 PM,6:34,MISS Carroll 25' 3PT Jump Shot,,,,,4,201960,DeMarre Carroll,1610612761.0,Toronto,Raptors,TOR,0,0,,,,,,0,0,,,,,
0021500250,426,4,0,4,7:56 PM,6:34,Ross REBOUND (Off:1 Def:1),,,,,4,203082,Terrence Ross,1610612761.0,Toronto,Raptors,TOR,0,0,,,,,,0,0,,,,,
0021500250,427,1,42,4,7:56 PM,6:27,Johnson 1' Driving Layup (8 PTS) (Ross 1 AST),,,91 - 88,-3,4,201949,James Johnson,1610612761.0,Toronto,Raptors,TOR,4,203082,Terrence Ross,1610612761.0,Toronto,Raptors,TOR,0,0,,,,,
0021500250,428,7,5,4,7:57 PM,6:11,Patterson Violation:Kicked Ball (D.Stafford),,,,,4,202335,Patrick Patterson,1610612761.0,Toronto,Raptors,TOR,0,0,,,,,,1,0,,,,,
0021500250,429,8,0,4,7:57 PM,6:11,,,SUB: Len FOR Leuer,,,5,202720,Jon Leuer,1610612756.0,Phoenix,Suns,PHX,5,203458,Alex Len,1610612756.0,Phoenix,Suns,PHX,0,0,,,,,
0021500250,430,2,1,4,7:57 PM,6:02,,,MISS Bledsoe 10' Jump Shot,,,5,202339,Eric Bledsoe,1610612756.0,Phoenix,Suns,PHX,0,0,,,,,,0,0,,,,,
0021500250,431,4,0,4,7:57 PM,6:01,,,Teletovic REBOUND (Off:1 Def:1),,,5,203141,Mirza Teletovic,1610612756.0,Phoenix,Suns,PHX,0,0,,,,,,0,0,,,,,
0021500250,432,2,97,4,7:57 PM,5:59,,,MISS Teletovic 2' Tip Layup Shot,,,5,203141,Mirza Teletovic,1610612756.0,Phoenix,Suns,PHX,0,0,,,,,,0,0,,,,,
0021500250,433,4,0,4,7:57 PM,5:58,,,Len REBOUND (Off:3 Def:4),,,5,203458,Alex Len,1610612756.0,Phoenix,Suns,PHX,0,0,,,,,,0,0,,,,,
0021500250,434,2,97,4,7:57 PM,5:56,,,MISS Len 2' Tip Layup Shot,,,5,203458,Alex Len,1610612756.0,Phoenix,Suns,PHX,0,0,,,,,,0,0,,,,,
0021500250,435,4,0,4,7:57 PM,5:55,,,Warren REBOUND (Off:3 Def:7),,,5,203933,TJ Warren,1610612756.0,Phoenix,Suns,PHX,0,0,,,,,,0,0,,,,,
0021500250,436,1,97,4,7:57 PM,5:53,,,Warren 2' Tip Layup Shot (14 PTS),93 - 88,-5,5,203933,TJ Warren,1610612756.0,Phoenix,Suns,PHX,0,0,,,,,,0,0,,,,,
0021500250,437,2,42,4,7:57 PM,5:42,MISS Johnson 3' Driving Layup,,,,,4,201949,James Johnson,1610612761.0,Toronto,Raptors,TOR,0,0,,,,,,0,0,,,,,
0021500250,438,4,0,4,7:57 PM,5:41,,,Knight REBOUND (Off:2 Def:4),,,5,202688,Brandon Knight,1610612756.0,Phoenix,Suns,PHX,0,0,,,,,,0,0,,,,,
0021500250,439,2,80,4,7:57 PM,5:35,,,MISS Knight 23' Step Back Jump Shot,,,5,202688,Brandon Knight,1610612756.0,Phoenix,Suns,PHX,0,0,,,,,,0,0,,,,,
0021500250,440,4,0,4,7:57 PM,5:33,Carroll REBOUND (Off:1 Def:6),,,,,4,201960,DeMarre Carroll,1610612761.0,Toronto,Raptors,TOR,0,0,,,,,,0,0,,,,,
0021500250,442,9,1,4,7:58 PM,5:31,RAPTORS Timeout: Regular (Full 4 Short 0),,,,,2,1610612761,,,,,,0,0,,,,,,0,0,,,,,
0021500250,446,8,0,4,8:00 PM,5:31,SUB: DeRozan FOR Patterson,,,,,4,202335,Patrick Patterson,1610612761.0,Toronto,Raptors,TOR,4,201942,DeMar DeRozan,1610612761.0,Toronto,Raptors,TOR,0,0,,,,,
0021500250,447,8,0,4,8:00 PM,5:31,SUB: Lowry FOR Ross,,,,,4,203082,Terrence Ross,1610612761.0,Toronto,Raptors,TOR,4,200768,Kyle Lowry,1610612761.0,Toronto,Raptors,TOR,0,0,,,,,
0021500250,448,8,0,4,8:00 PM,5:31,SUB: Biyombo FOR Johnson,,,,,4,201949,James Johnson,1610612761.0,Toronto,Raptors,TOR,4,202687,Bismack Biyombo,1610612761.0,Toronto,Raptors,TOR,0,0,,,,,
0021500250,450,1,73,4,8:00 PM,5:18,Carroll 2' Driving Reverse Layup (18 PTS),,,93 - 90,-3,4,201960,DeMarre Carroll,1610612761.0,Toronto,Raptors,TOR,0,0,,,,,,0,0,,,,,
0021500250,451,1,75,4,8:01 PM,4:59,,,Bledsoe 2' Driving Finger Roll Layup (15 PTS),95 - 90,-5,5,202339,Eric Bledsoe,1610612756.0,Phoenix,Suns,PHX,0,0,,,,,,0,0,,,,,
0021500250,452,1,80,4,8:01 PM,4:44,Joseph  3PT Step Back Jump Shot (9 PTS) (Lowry 4 AST),,,95 - 93,-2,4,202709,Cory Joseph,1610612761.0,Toronto,Raptors,TOR,4,200768,Kyle Lowry,1610612761.0,Toronto,Raptors,TOR,0,0,,,,,
0021500250,453,2,80,4,8:01 PM,4:23,,,MISS Bledsoe 18' Step Back Jump Shot,,,5,202339,Eric Bledsoe,1610612756.0,Phoenix,Suns,PHX,0,0,,,,,,0,0,,,,,
0021500250,454,4,0,4,8:01 PM,4:23,Biyombo REBOUND (Off:2 Def:5),,,,,4,202687,Bismack Biyombo,1610612761.0,Toronto,Raptors,TOR,0,0,,,,,,0,0,,,,,
0021500250,455,2,79,4,8:02 PM,4:07,MISS DeRozan 17' Pullup Jump Shot,,,,,4,201942,DeMar DeRozan,1610612761.0,Toronto,Raptors,TOR,0,0,,,,,,0,0,,,,,
0021500250,456,4,0,4,8:02 PM,4:06,Lowry REBOUND (Off:1 Def:6),,,,,4,200768,Kyle Lowry,1610612761.0,Toronto,Raptors,TOR,0,0,,,,,,0,0,,,,,
0021500250,457,1,44,4,8:02 PM,4:03,DeRozan 2' Reverse Layup (27 PTS) (Lowry 5 AST),,,95 - 95,TIE,4,201942,DeMar DeRozan,1610612761.0,Toronto,Raptors,TOR,4,200768,Kyle Lowry,1610612761.0,Toronto,Raptors,TOR,0,0,,,,,
0021500250,459,9,1,4,8:02 PM,4:03,,,Suns Timeout: Regular (Reg.4 Short 1),,,3,1610612756,,,,,,0,0,,,,,,0,0,,,,,
0021500250,461,8,0,4,8:04 PM,4:03,,,SUB: Mark Morris FOR Len,,,5,203458,Alex Len,1610612756.0,Phoenix,Suns,PHX,5,202693,Markieff Morris,1610612756.0,Phoenix,Suns,PHX,0,0,,,,,
0021500250,462,8,0,4,8:04 PM,4:03,,,SUB: Tucker FOR Teletovic,,,5,203141,Mirza Teletovic,1610612756.0,Phoenix,Suns,PHX,5,200782,PJ Tucker,1610612756.0,Phoenix,Suns,PHX,0,0,,,,,
0021500250,463,5,8,4,8:05 PM,3:40,,,Tucker 3 Second Violation Turnover (P2.T9),,,5,200782,PJ Tucker,1610612756.0,Phoenix,Suns,PHX,0,0,,,,,,1,0,,,,,
0021500250,464,2,58,4,8:05 PM,3:21,MISS Joseph 7' Turnaround Hook Shot,,,,,4,202709,Cory Joseph,1610612761.0,Toronto,Raptors,TOR,0,0,,,,,,0,0,,,,,
0021500250,465,4,0,4,8:05 PM,3:20,,,Tucker REBOUND (Off:0 Def:3),,,5,200782,PJ Tucker,1610612756.0,Phoenix,Suns,PHX,0,0,,,,,,0,0,,,,,
0021500250,466,6,29,4,8:06 PM,3:12,Joseph Shooting Block Foul (P2.T2) (D.Stafford),,,,,4,202709,Cory Joseph,1610612761.0,Toronto,Raptors,TOR,5,200782,PJ Tucker,1610612756.0,Phoenix,Suns,PHX,1,0,,,,,
0021500250,467,3,11,4,8:06 PM,3:12,,,MISS Tucker Free Throw 1 of 2,,,5,200782,PJ Tucker,1610612756.0,Phoenix,Suns,PHX,0,0,,,,,,0,0,,,,,
0021500250,468,4,1,4,8:06 PM,3:12,,,Suns Rebound,,,3,1610612756,,,,,,0,0,,,,,,0,0,,,,,
0021500250,469,3,12,4,8:06 PM,3:12,,,Tucker Free Throw 2 of 2 (3 PTS),96 - 95,-1,5,200782,PJ Tucker,1610612756.0,Phoenix,Suns,PHX,0,0,,,,,,0,0,,,,,
0021500250,471,1,47,4,8:07 PM,2:54,DeRozan 17' Turnaround Jump Shot (29 PTS),,,96 - 97,1,4,201942,DeMar DeRozan,1610612761.0,Toronto,Raptors,TOR,0,0,,,,,,0,0,,,,,
0021500250,472,2,75,4,8:07 PM,2:42,,,MISS Knight 2' Driving Finger Roll Layup,,,5,202688,Brandon Knight,1610612756.0,Phoenix,Suns,PHX,0,0,,,,,,0,0,,,,,
0021500250,473,4,0,4,8:07 PM,2:41,Lowry REBOUND (Off:1 Def:7),,,,,4,200768,Kyle Lowry,1610612761.0,Toronto,Raptors,TOR,0,0,,,,,,0,0,,,,,
0021500250,474,6,4,4,8:07 PM,2:35,Biyombo OFF.Foul (P3) (P.Fraher),,,,,4,202687,Bismack Biyombo,1610612761.0,Toronto,Raptors,TOR,5,202688,Brandon Knight,1610612756.0,Phoenix,Suns,PHX,1,0,,,,,
0021500250,475,5,5,4,8:07 PM,2:35,Biyombo Foul Turnover (P4.T11),,,,,4,202687,Bismack Biyombo,1610612761.0,Toronto,Raptors,TOR,0,0,,,,,,1,0,,,,,
0021500250,477,1,98,4,8:08 PM,2:24,,,Mark Morris 2' Cutting Layup Shot (6 PTS) (Bledsoe 11 AST),98 - 97,-1,5,202693,Markieff Morris,1610612756.0,Phoenix,Suns,PHX,5,202339,Eric Bledsoe,1610612756.0,Phoenix,Suns,PHX,0,0,,,,,
0021500250,478,6,2,4,8:08 PM,2:24,Carroll S.FOUL (P3.T3) (P.Fraher),,,,,4,201960,DeMarre Carroll,1610612761.0,Toronto,Raptors,TOR,5,202693,Markieff Morris,1610612756.0,Phoenix,Suns,PHX,1,0,,,,,
0021500250,479,3,10,4,8:08 PM,2:24,,,Mark Morris Free Throw 1 of 1 (7 PTS),99 - 97,-2,5,202693,Markieff Morris,1610612756.0,Phoenix,Suns,PHX,0,0,,,,,,0,0,,,,,
0021500250,481,6,1,4,8:08 PM,2:07,,,Warren P.FOUL (P2.T3) (D.Stafford),,,5,203933,TJ Warren,1610612756.0,Phoenix,Suns,PHX,4,201960,DeMarre Carroll,1610612761.0,Toronto,Raptors,TOR,1,0,,,,,
0021500250,482,5,1,4,8:09 PM,2:03,Joseph Bad Pass Turnover (P1.T12),,Tucker STEAL (1 STL),,,4,202709,Cory Joseph,1610612761.0,Toronto,Raptors,TOR,5,200782,PJ Tucker,1610612756.0,Phoenix,Suns,PHX,0,0,,,,,
0021500250,483,6,2,4,8:09 PM,2:00,Lowry S.FOUL (P2.T4) (D.Stafford),,,,,4,200768,Kyle Lowry,1610612761.0,Toronto,Raptors,TOR,5,202339,Eric Bledsoe,1610612756.0,Phoenix,Suns,PHX,1,0,,,,,
0021500250,484,3,11,4,8:09 PM,2:00,,,Bledsoe Free Throw 1 of 2 (16 PTS),100 - 97,-3,5,202339,Eric Bledsoe,1610612756.0,Phoenix,Suns,PHX,0,0,,,,,,0,0,,,,,
0021500250,486,3,12,4,8:10 PM,2:00,,,Bledsoe Free Throw 2 of 2 (17 PTS),101 - 97,-4,5,202339,Eric Bledsoe,1610612756.0,Phoenix,Suns,PHX,0,0,,,,,,0,0,,,,,
0021500250,488,9,1,4,8:10 PM,2:00,RAPTORS Timeout: Regular (Full 5 Short 0),,,,,2,1610612761,,,,,,0,0,,,,,,0,0,,,,,
0021500250,492,2,42,4,8:12 PM,1:48,MISS Lowry 2' Driving Layup,,,,,4,200768,Kyle Lowry,1610612761.0,Toronto,Raptors,TOR,0,0,,,,,,0,0,,,,,
0021500250,493,4,0,4,8:12 PM,1:47,,,Warren REBOUND (Off:3 Def:8),,,5,203933,TJ Warren,1610612756.0,Phoenix,Suns,PHX,0,0,,,,,,0,0,,,,,
0021500250,494,5,2,4,8:12 PM,1:31,Joseph STEAL (1 STL),,Bledsoe Lost Ball Turnover (P3.T10),,,5,202339,Eric Bledsoe,1610612756.0,Phoenix,Suns,PHX,4,202709,Cory Joseph,1610612761.0,Toronto,Raptors,TOR,0,0,,,,,
0021500250,495,5,40,4,8:12 PM,1:28,Joseph Out of Bounds Lost Ball Turnover (P2.T13),,,,,4,202709,Cory Joseph,1610612761.0,Toronto,Raptors,TOR,0,0,,,,,,1,0,,,,,
0021500250,496,2,1,4,8:13 PM,1:06,,,MISS Mark Morris 20' Jump Shot,,,5,202693,Markieff Morris,1610612756.0,Phoenix,Suns,PHX,0,0,,,,,,0,0,,,,,
0021500250,497,4,0,4,8:13 PM,1:04,,,Tucker REBOUND (Off:1 Def:3),,,5,200782,PJ Tucker,1610612756.0,Phoenix,Suns,PHX,0,0,,,,,,0,0,,,,,
0021500250,498,1,72,4,8:13 PM,1:03,,,Tucker 3' Putback Layup (5 PTS),103 - 97,-6,5,200782,PJ Tucker,1610612756.0,Phoenix,Suns,PHX,0,0,,,,,,0,0,,,,,
0021500250,499,2,1,4,8:13 PM,0:50,MISS Carroll 25' 3PT Jump Shot,,,,,4,201960,DeMarre Carroll,1610612761.0,Toronto,Raptors,TOR,0,0,,,,,,0,0,,,,,
0021500250,500,4,0,4,8:13 PM,0:49,,,Tucker REBOUND (Off:1 Def:4),,,5,200782,PJ Tucker,1610612756.0,Phoenix,Suns,PHX,0,0,,,,,,0,0,,,,,
0021500250,502,2,79,4,8:14 PM,0:24,,,MISS Knight 22' Pullup Jump Shot,,,5,202688,Brandon Knight,1610612756.0,Phoenix,Suns,PHX,0,0,,,,,,0,0,,,,,
0021500250,503,4,0,4,8:14 PM,0:22,Biyombo REBOUND (Off:2 Def:6),,,,,4,202687,Bismack Biyombo,1610612761.0,Toronto,Raptors,TOR,0,0,,,,,,0,0,,,,,
0021500250,504,9,2,4,8:14 PM,0:22,RAPTORS Timeout: Short (Full 5 Short 1),,,,,2,1610612761,,,,,,0,0,,,,,,0,0,,,,,
0021500250,506,8,0,4,8:15 PM,0:22,SUB: Scola FOR Biyombo,,,,,4,202687,Bismack Biyombo,1610612761.0,Toronto,Raptors,TOR,4,2449,Luis Scola,1610612761.0,Toronto,Raptors,TOR,0,0,,,,,
0021500250,508,1,42,4,8:15 PM,0:17,Carroll 2' Driving Layup (20 PTS),,,103 - 99,-4,4,201960,DeMarre Carroll,1610612761.0,Toronto,Raptors,TOR,0,0,,,,,,0,0,,,,,
0021500250,509,6,1,4,8:15 PM,0:16,DeRozan P.FOUL (P4.PN) (P.Fraher),,,,,4,201942,DeMar DeRozan,1610612761.0,Toronto,Raptors,TOR,5,203933,TJ Warren,1610612756.0,Phoenix,Suns,PHX,1,0,,,,,
0021500250,510,3,11,4,8:16 PM,0:16,,,Warren Free Throw 1 of 2 (15 PTS),104 - 99,-5,5,203933,TJ Warren,1610612756.0,Phoenix,Suns,PHX,0,0,,,,,,0,0,,,,,
0021500250,512,3,12,4,8:16 PM,0:16,,,MISS Warren Free Throw 2 of 2,,,5,203933,TJ Warren,1610612756.0,Phoenix,Suns,PHX,0,0,,,,,,0,0,,,,,
0021500250,514,4,0,4,8:16 PM,0:15,RAPTORS Rebound,,,,,2,1610612761,,,,,,0,0,,,,,,0,0,,,,,
0021500250,516,9,2,4,8:16 PM,0:15,RAPTORS Timeout: Short (Full 5 Short 2),,,,,2,1610612761,,,,,,0,0,,,,,,0,0,,,,,
0021500250,519,6,2,4,8:18 PM,0:13,,,Knight S.FOUL (P1.T4) (K.Lane),,,5,202688,Brandon Knight,1610612756.0,Phoenix,Suns,PHX,4,200768,Kyle Lowry,1610612761.0,Toronto,Raptors,TOR,1,0,,,,,
0021500250,520,3,13,4,8:18 PM,0:13,Lowry Free Throw 1 of 3 (15 PTS),,,104 - 100,-4,4,200768,Kyle Lowry,1610612761.0,Toronto,Raptors,TOR,0,0,,,,,,0,0,,,,,
0021500250,522,3,14,4,8:18 PM,0:13,Lowry Free Throw 2 of 3 (16 PTS),,,104 - 101,-3,4,200768,Kyle Lowry,1610612761.0,Toronto,Raptors,TOR,0,0,,,,,,0,0,,,,,
0021500250,524,3,15,4,8:18 PM,0:13,Lowry Free Throw 3 of 3 (17 PTS),,,104 - 102,-2,4,200768,Kyle Lowry,1610612761.0,Toronto,Raptors,TOR,0,0,,,,,,0,0,,,,,
0021500250,526,6,1,4,8:19 PM,0:12,Lowry P.FOUL (P3.PN) (D.Stafford),,,,,4,200768,Kyle Lowry,1610612761.0,Toronto,Raptors,TOR,5,202339,Eric Bledsoe,1610612756.0,Phoenix,Suns,PHX,1,0,,,,,
0021500250,527,3,11,4,8:19 PM,0:12,,,MISS Bledsoe Free Throw 1 of 2,,,5,202339,Eric Bledsoe,1610612756.0,Phoenix,Suns,PHX,0,0,,,,,,0,0,,,,,
0021500250,528,4,1,4,8:19 PM,0:12,,,Suns Rebound,,,3,1610612756,,,,,,0,0,,,,,,0,0,,,,,
0021500250,529,3,12,4,8:19 PM,0:12,,,Bledsoe Free Throw 2 of 2 (18 PTS),105 - 102,-3,5,202339,Eric Bledsoe,1610612756.0,Phoenix,Suns,PHX,0,0,,,,,,0,0,,,,,
0021500250,531,2,1,4,8:20 PM,0:00,MISS Scola 25' 3PT Jump Shot,,Bledsoe BLOCK (3 BLK),,,4,2449,Luis Scola,1610612761.0,Toronto,Raptors,TOR,0,0,,,,,,5,202339,Eric Bledsoe,1610612756.0,Phoenix,Suns,PHX
0021500250,532,4,0,4,8:20 PM,0:00,,,Bledsoe REBOUND (Off:0 Def:5),,,5,202339,Eric Bledsoe,1610612756.0,Phoenix,Suns,PHX,0,0,,,,,,0,0,,,,,
0021500250,533,6,1,4,8:20 PM,0:00,Lowry P.FOUL (P4.PN) (K.Lane),,,,,4,200768,Kyle Lowry,1610612761.0,Toronto,Raptors,TOR,5,202339,Eric Bledsoe,1610612756.0,Phoenix,Suns,PHX,1,0,,,,,
0021500250,534,3,11,4,8:20 PM,0:00,,,Bledsoe Free Throw 1 of 2 (19 PTS),106 - 102,-4,5,202339,Eric Bledsoe,1610612756.0,Phoenix,Suns,PHX,0,0,,,,,,0,0,,,,,
0021500250,536,3,12,4,8:20 PM,0:00,,,Bledsoe Free Throw 2 of 2 (20 PTS),107 - 102,-5,5,202339,Eric Bledsoe,1610612756.0,Phoenix,Suns,PHX,0,0,,,,,,0,0,,,,,
0021500250,539,13,0,4,8:21 PM,0:00,,,,107 - 102,-5,0,0,,,,,,0,0,,,,,,0,0,,,,,
